HH0647-rgb_2017_2_4_21_0_1 6400 -0.7068595267044392 -0.5470405313268817 -0.4664829278108675 0.25463687931181284 0.20545182795608197 -0.45276035046729207 -1.503517874127351 0
HH0647-rgb_2017_2_4_21_0_1 4565 -0.7068595267044392 -0.6552296885822362 -0.47218741519965934 0.11199162010373294 -0.006746179425423586 -0.7859171388105343 0.21671825990632848 1
HH0647-rgb_2017_2_4_21_0_1 4565 0.3521202253241547 -0.6191666361637848 -0.8572403139431087 -0.3951915237472177 -1.704330238477468 1.0464451970772974 1.1683382489462364 1
HH0647-rgb_2017_2_4_21_0_1 65 0.3521202253241547 -0.33066221681617275 0.6858235247250849 0.3972821385198927 -0.43114219418843464 -0.7859171388105343 -1.0643086484166242 2
HH0647-rgb_2017_2_4_21_0_1 7050 -0.6564319194649824 -0.5470405313268817 -0.4579261967276797 0.25463687931181284 -0.006746179425423586 0.0469748320475711 -0.8081032667520337 1
HH0647-rgb_2017_2_4_21_0_1 7050 0.049554581887413574 -0.2945991643977212 0.534654608922101 0.5874758174639992 -0.43114219418843464 0.21355322621919218 0.5827259479986008 2
HH0647-rgb_2017_2_4_21_0_1 3550 0.3521202253241547 -0.18641000714236672 -0.81445665852717 -0.1574494250670846 0.8420458501005986 0.8798668029056764 -0.18589019699517098 2
HH0647-rgb_2017_2_4_21_0_1 3550 -0.6060043122255255 -0.6552296885822362 -0.47218741519965934 -0.030653639104346937 0.8420458501005986 0.21355322621919218 -0.14928942818594376 1
HH0647-rgb_2017_2_4_21_0_1 3550 -0.0008730253520432782 -0.2945991643977212 0.6344831382259584 0.11199162010373294 -0.43114219418843464 0.3801316203908132 -0.844704035561261 2
HH0647-rgb_2017_2_4_21_0_1 3550 0.5538306542819821 0.02996830736834228 1.0252405243581997 1.0471105415789232 0.8420458501005986 0.3801316203908132 0.07031518466941959 2
HH0647-rgb_2017_2_4_21_0_1 7905 -0.5051490977466118 -0.5470405313268817 0.5688815332548521 0.6667231836907103 -0.006746179425423586 0.3801316203908132 0.2899197975247829 1
HH0647-rgb_2017_2_4_21_0_1 5690 nan nan nan nan nan nan nan 0
HH0647-rgb_2017_2_4_21_0_1 930 -0.10172823983095698 -0.18641000714236672 0.7571296170849829 0.6191747639546836 -0.006746179425423586 -0.7859171388105343 0.4729236415709191 1
HH0647-rgb_2017_2_4_21_0_1 2855 0.7051134760003527 -0.07822084988701222 0.6259264071427706 0.01689478063167969 -0.006746179425423586 -0.286181956295671 -0.14928942818594376 2
HH0647-rgb_2017_2_4_21_0_1 515 0.049554581887413574 -0.33066221681617275 0.6858235247250849 0.3972821385198927 -0.6433402015699402 -0.11960356212404996 -0.2224909658043982 2
HH0647-rgb_2017_2_4_21_0_1 4015 -0.7068595267044392 -0.5831035837453332 -0.42655151608932457 0.15954003983975956 1.903035887008126 -1.4522307154970184 -1.1009094172258516 0
HH0647-rgb_2017_2_4_21_0_1 2470 0.30169261808469783 -0.4027883216530757 0.6230741634483746 0.06444320036770632 -0.8555382089514458 -0.7859171388105343 -0.18589019699517098 2
HH0647-rgb_2017_2_4_21_0_1 2470 0.09998218912687043 0.3184727267159543 0.8911850707215914 0.6191747639546836 -0.8555382089514458 1.8793371679354027 0.3997221039524646 2
HH0647-rgb_2017_2_4_21_0_1 6170 -0.6564319194649824 -0.5470405313268817 -0.4664829278108675 0.25463687931181284 1.054243857482104 -0.286181956295671 -0.18589019699517098 1
HH0647-rgb_2017_2_4_21_0_1 3020 -0.6564319194649824 -0.43885137407152724 -0.7802297341944189 -0.1574494250670846 -0.6433402015699402 0.0469748320475711 -1.4303163365088964 1
HH0647-rgb_2017_2_4_21_0_1 3020 -0.20258345430987068 -0.18641000714236672 0.4319738359238479 -1.3778588649584347 -0.6433402015699402 -0.45276035046729207 1.936954393940008 1
HH0647-rgb_2017_2_4_21_0_1 3020 -0.7068595267044392 -0.6912927410006877 0.6316308945315624 0.11199162010373294 0.8420458501005986 0.21355322621919218 0.2533190287155557 1
HH0647-rgb_2017_2_4_21_0_1 3020 0.20083740360578414 0.5709140936451148 0.9967180874142404 0.9044652823708433 0.20545182795608197 1.0464451970772974 2.1565590067953715 2
HH0647-rgb_2017_2_4_21_0_1 8175 -0.10172823983095698 -0.33066221681617275 0.5688815332548521 0.6667231836907103 -0.006746179425423586 0.3801316203908132 0.43632287276169185 2
HH0647-rgb_2017_2_4_21_0_1 7520 -0.5051490977466118 -0.36672526923462423 0.5603248021716644 0.6667231836907103 0.629847842719093 0.5467100145624343 0.8755320984724185 1
HH0647-rgb_2017_2_4_21_0_1 1145 0.40254783256361154 -0.2945991643977212 0.7514251296961911 0.6191747639546836 -0.43114219418843464 -0.6193387446389131 -0.5518978850874432 2
HH0647-rgb_2017_2_4_21_0_1 1810 nan nan nan nan nan nan nan 0
HH0647-rgb_2017_2_4_21_0_1 3975 -0.7068595267044392 -0.6912927410006877 -0.46363068411647157 0.2070884595757862 -0.21894418680692912 -1.4522307154970184 -0.8081032667520337 1
HH0647-rgb_2017_2_4_21_0_1 3785 -0.6060043122255255 -0.6912927410006877 -0.4037335665341572 0.11199162010373294 0.20545182795608197 -0.286181956295671 0.6193267168078279 1
HH0647-rgb_2017_2_4_21_0_1 3785 nan nan nan nan nan nan nan 0
HH0647-rgb_2017_2_4_21_0_1 6825 -0.3538662760282413 -0.5470405313268817 -0.4579261967276797 0.25463687931181284 -0.21894418680692912 0.3801316203908132 -0.8813048043704882 2
HH0647-rgb_2017_2_4_21_0_1 6825 -0.05130063259150013 -0.43885137407152724 0.537506852616497 0.6350242372000258 0.20545182795608197 0.3801316203908132 0.5827259479986008 2
HH0647-rgb_2017_2_4_21_0_1 4940 nan nan nan nan nan nan nan 0
HH0647-rgb_2017_2_4_21_0_1 2510 0.6042582615214389 -0.4027883216530757 0.6230741634483746 0.01689478063167969 -0.8555382089514458 -1.1190739271537764 -0.18589019699517098 2
HH0647-rgb_2017_2_4_21_0_1 2510 -0.9085699556622666 1.003670722666533 0.9624911630814894 1.2373042205230298 -0.21894418680692912 0.0469748320475711 -1.4303163365088964 0
HH0647-rgb_2017_2_4_21_0_1 4175 -0.9589975629017234 -0.6912927410006877 -0.46363068411647157 0.15954003983975956 0.8420458501005986 -1.6188091096686394 -1.0643086484166242 0
HH0647-rgb_2017_2_4_21_0_1 475 0.3521202253241547 -0.18641000714236672 0.6886757684194809 0.3972821385198927 -0.43114219418843464 0.21355322621919218 -0.4420955786597615 2
HH0647-rgb_2017_2_4_21_0_1 1025 -0.0008730253520432782 -0.18641000714236672 0.7571296170849829 0.6191747639546836 -0.43114219418843464 -0.9524955329821553 0.21671825990632848 2
HH0647-rgb_2017_2_4_21_0_1 7440 -0.5051490977466118 -0.36672526923462423 0.5603248021716644 0.6667231836907103 0.20545182795608197 0.8798668029056764 0.8389313296631913 1
HH0647-rgb_2017_2_4_21_0_1 8015 -0.4042938832676981 -0.36672526923462423 0.5603248021716644 0.6667231836907103 -0.006746179425423586 0.8798668029056764 0.3997221039524646 1
HH0647-rgb_2017_2_4_21_0_1 3140 -0.3538662760282413 -0.2945991643977212 -0.7773774905000229 -0.1574494250670846 -0.006746179425423586 0.3801316203908132 -1.2473124924627603 2
HH0647-rgb_2017_2_4_21_0_1 3140 -0.7068595267044392 -0.5470405313268817 -0.4664829278108675 0.15954003983975956 -0.006746179425423586 -0.7859171388105343 -1.2473124924627603 1
HH0647-rgb_2017_2_4_21_0_1 3140 0.5034030470425253 -0.25853611197926973 0.6173696760595828 0.11199162010373294 -0.006746179425423586 0.3801316203908132 -0.6617001915151248 2
HH0647-rgb_2017_2_4_21_0_1 3140 0.4529754398030684 0.1381574646236968 1.0280927680525955 1.0471105415789232 -0.006746179425423586 0.0469748320475711 1.5709467058477358 2
HH0647-rgb_2017_2_4_21_0_1 3815 -0.7068595267044392 -0.5831035837453332 -0.42655151608932457 0.01689478063167969 -0.006746179425423586 -0.6193387446389131 -1.174110954844306 1
HH0647-rgb_2017_2_4_21_0_1 1780 nan nan nan nan nan nan nan 0
HH0647-rgb_2017_2_4_21_0_1 5280 nan nan nan nan nan nan nan 0
HH0647-rgb_2017_2_4_21_0_1 6945 -0.6564319194649824 -0.5470405313268817 -0.4664829278108675 0.3021852990478394 0.4176498353375875 -0.11960356212404996 -0.33229327223207983 1
HH0647-rgb_2017_2_4_21_0_1 6945 0.049554581887413574 -0.22247305956081823 0.5318023652277052 0.6350242372000258 0.8420458501005986 0.0469748320475711 0.3631213351432374 2
HH0647-rgb_2017_2_4_21_0_1 105 0.6546858687608959 -0.18641000714236672 0.6886757684194809 0.34973371878386605 -1.0677362163329513 -0.6193387446389131 -0.40549480985053427 2
HH0647-rgb_2017_2_4_21_0_1 4405 -0.6564319194649824 -0.6912927410006877 -0.46363068411647157 0.15954003983975956 -0.21894418680692912 -0.9524955329821553 0.948733636090873 1
HH0647-rgb_2017_2_4_21_0_1 6560 -0.6564319194649824 -0.5470405313268817 -0.4579261967276797 0.25463687931181284 0.8420458501005986 0.0469748320475711 0.10691595347864681 1
HH0647-rgb_2017_2_4_21_0_1 6560 -0.4042938832676981 -0.36672526923462423 0.5260978778389134 0.6191747639546836 0.629847842719093 -0.7859171388105343 0.10691595347864681 1
HH0647-rgb_2017_2_4_21_0_1 3430 -0.3538662760282413 -0.43885137407152724 -0.848683582859921 -0.1574494250670846 0.629847842719093 0.21355322621919218 -1.4303163365088964 2
HH0647-rgb_2017_2_4_21_0_1 3430 -0.0008730253520432782 -0.43885137407152724 -0.446517221950096 -0.030653639104346937 -0.8555382089514458 -0.286181956295671 1.095136711327782 1
HH0647-rgb_2017_2_4_21_0_1 3430 0.6042582615214389 0.06603135978679378 0.5974039701988114 0.06444320036770632 0.4176498353375875 0.21355322621919218 -0.40549480985053427 2
HH0647-rgb_2017_2_4_21_0_1 3430 0.6546858687608959 0.3905988315528573 0.9967180874142404 0.95201370210687 -0.006746179425423586 2.712229138793508 0.033714415860192366 2
HH0647-rgb_2017_2_4_21_0_1 7130 -0.7572871339438961 -0.5470405313268817 -0.47503965889405525 0.3021852990478394 -0.43114219418843464 -0.11960356212404996 -0.6250994227058976 1
HH0647-rgb_2017_2_4_21_0_1 7130 -0.20258345430987068 -0.1503469547239152 0.5289501215333092 0.571626344218657 0.4176498353375875 -0.286181956295671 0.43632287276169185 1
HH0647-rgb_2017_2_4_21_0_1 5055 nan nan nan nan nan nan nan 0
HH0647-rgb_2017_2_4_21_0_1 5900 6.958136773693003 9.478488041002635 1.8752091452881843 0.11199162010373294 nan nan nan 0
HH0647-rgb_2017_2_4_21_0_1 7865 -0.5051490977466118 -0.36672526923462423 0.5603248021716644 0.6667231836907103 0.629847842719093 0.8798668029056764 0.7291290232355097 1
HH0647-rgb_2017_2_4_21_0_1 7695 -0.6060043122255255 -0.00609474505010922 0.5489158273940807 0.6667231836907103 -0.006746179425423586 0.3801316203908132 1.2049390177554635 1
HH0647-rgb_2017_2_4_21_0_1 2935 0.30169261808469783 0.21028356946059978 0.5916994828100195 0.01689478063167969 -0.006746179425423586 0.5467100145624343 0.43632287276169185 2
HH0647-rgb_2017_2_4_21_0_1 2935 0.3521202253241547 0.6069771460635663 0.9653434067758853 1.0946589613149498 -1.0677362163329513 -1.4522307154970184 0.5827259479986008 2
HH0647-rgb_2017_2_4_21_0_1 3395 0.09998218912687043 0.6069771460635663 -0.73744607877848 -0.12575047857640018 -0.21894418680692912 -1.4522307154970184 -2.272134019121123 2
HH0647-rgb_2017_2_4_21_0_1 3395 -0.9085699556622666 -0.8355449506744937 -0.47503965889405525 0.01689478063167969 -0.21894418680692912 0.3801316203908132 -0.844704035561261 1
HH0647-rgb_2017_2_4_21_0_1 3395 0.30169261808469783 -0.1503469547239152 0.5945517265044155 0.06444320036770632 0.4176498353375875 0.3801316203908132 -0.8813048043704882 2
HH0647-rgb_2017_2_4_21_0_1 3395 0.5538306542819821 0.8233554605742753 0.9824568689422608 1.1422073810509765 -1.0677362163329513 -1.4522307154970184 0.6559274856170552 2
HH0647-rgb_2017_2_4_21_0_1 850 -0.0008730253520432782 -0.18641000714236672 0.7571296170849829 0.6191747639546836 -0.006746179425423586 -0.9524955329821553 0.3997221039524646 2
HH0647-rgb_2017_2_4_21_0_1 3380 0.1504097963663273 0.2824096742975028 -0.7659685157224393 -0.1574494250670846 0.4176498353375875 -0.7859171388105343 -2.491738631976486 2
HH0647-rgb_2017_2_4_21_0_1 3380 -0.6060043122255255 -0.6912927410006877 -0.4550739530332838 0.06444320036770632 0.4176498353375875 0.5467100145624343 -0.6250994227058976 1
HH0647-rgb_2017_2_4_21_0_1 3380 0.20083740360578414 -0.1503469547239152 0.5859949954212277 0.01689478063167969 0.4176498353375875 0.21355322621919218 -0.18589019699517098 2
HH0647-rgb_2017_2_4_21_0_1 3380 -0.05130063259150013 0.7512293557373723 0.9853091126366568 1.1422073810509765 -0.006746179425423586 0.0469748320475711 -0.0028863529490348577 2
HH0647-rgb_2017_2_4_21_0_1 7680 -0.5051490977466118 -0.5470405313268817 0.5774382643380399 0.6667231836907103 0.4176498353375875 0.21355322621919218 0.8389313296631913 1
HH0647-rgb_2017_2_4_21_0_1 2920 0.30169261808469783 0.21028356946059978 0.5916994828100195 0.01689478063167969 -0.006746179425423586 0.3801316203908132 0.9121328672816458 2
HH0647-rgb_2017_2_4_21_0_1 2920 0.251265010845241 0.8954815654111783 0.9539344319983016 1.0946589613149498 -1.0677362163329513 -1.4522307154970184 0.21671825990632848 2
HH0647-rgb_2017_2_4_21_0_1 845 0.09998218912687043 -0.18641000714236672 0.7571296170849829 0.6191747639546836 -0.43114219418843464 -0.7859171388105343 0.32652056633401016 2
HH0647-rgb_2017_2_4_21_0_1 5915 4.638466840677987 6.557380795108064 0.8426969279168607 0.11199162010373294 -0.006746179425423586 -2.6182794746983657 -1.503517874127351 2
HH0647-rgb_2017_2_4_21_0_1 7870 -0.3034386687887844 -0.43885137407152724 0.5631770458660603 0.6667231836907103 -0.21894418680692912 0.5467100145624343 0.32652056633401016 2
HH0647-rgb_2017_2_4_21_0_1 7125 -0.7572871339438961 -0.5470405313268817 -0.47503965889405525 0.3021852990478394 -0.6433402015699402 0.0469748320475711 -0.7349017291335793 1
HH0647-rgb_2017_2_4_21_0_1 7125 0.049554581887413574 -0.22247305956081823 0.5318023652277052 0.6350242372000258 0.4176498353375875 -0.9524955329821553 0.2899197975247829 2
HH0647-rgb_2017_2_4_21_0_1 3425 -0.3538662760282413 -0.2945991643977212 -0.8429790954711291 -0.1574494250670846 0.629847842719093 0.0469748320475711 -0.7715024979428066 1
HH0647-rgb_2017_2_4_21_0_1 3425 -0.7068595267044392 -0.6912927410006877 -0.446517221950096 -0.030653639104346937 -0.006746179425423586 -0.11960356212404996 -0.33229327223207983 1
HH0647-rgb_2017_2_4_21_0_1 3425 0.6042582615214389 0.02996830736834228 0.6002562138932073 0.06444320036770632 0.20545182795608197 0.21355322621919218 -0.40549480985053427 2
HH0647-rgb_2017_2_4_21_0_1 5040 nan nan nan nan nan nan nan 0
HH0647-rgb_2017_2_4_21_0_1 4410 -0.6564319194649824 -0.6912927410006877 -0.46363068411647157 0.15954003983975956 -0.6433402015699402 -0.7859171388105343 0.8389313296631913 1
HH0647-rgb_2017_2_4_21_0_1 110 0.251265010845241 -0.33066221681617275 0.6858235247250849 0.34973371878386605 -1.0677362163329513 -0.7859171388105343 -0.6983009603243521 2
HH0647-rgb_2017_2_4_21_0_1 6575 -0.3538662760282413 -0.43885137407152724 -0.4550739530332838 0.25463687931181284 0.4176498353375875 0.7132884087340554 -0.40549480985053427 2
HH0647-rgb_2017_2_4_21_0_1 6575 -0.10172823983095698 -0.11428390230546372 0.5289501215333092 0.6191747639546836 0.4176498353375875 -0.45276035046729207 0.7657297920447369 1
HH0647-rgb_2017_2_4_21_0_1 5295 nan nan nan nan nan nan nan 0
HH0647-rgb_2017_2_4_21_0_1 1795 nan nan nan nan nan nan nan 0
HH0647-rgb_2017_2_4_21_0_1 6950 -0.9589975629017234 -0.6552296885822362 -0.47218741519965934 0.25463687931181284 0.629847842719093 0.7132884087340554 -0.11268865937671653 0
HH0647-rgb_2017_2_4_21_0_1 6950 0.049554581887413574 -0.22247305956081823 0.5318023652277052 0.6350242372000258 0.8420458501005986 0.21355322621919218 0.5461251791893735 2
HH0647-rgb_2017_2_4_21_0_1 3800 3.62991469588885 -0.18641000714236672 -0.39517683545096943 0.06444320036770632 -0.006746179425423586 0.3801316203908132 0.5827259479986008 2
HH0647-rgb_2017_2_4_21_0_1 3800 nan nan nan nan nan nan nan 0
HH0647-rgb_2017_2_4_21_0_1 1030 -0.10172823983095698 -0.2945991643977212 0.7599818607793789 0.6191747639546836 -0.21894418680692912 -0.45276035046729207 0.10691595347864681 2
HH0647-rgb_2017_2_4_21_0_1 8000 -0.3034386687887844 -0.43885137407152724 0.5631770458660603 0.6667231836907103 -0.006746179425423586 0.3801316203908132 0.10691595347864681 2
HH0647-rgb_2017_2_4_21_0_1 3155 -0.7068595267044392 -0.43885137407152724 -0.7716730031112311 -0.1732988983124268 -0.21894418680692912 -0.7859171388105343 -1.2107117236535332 0
HH0647-rgb_2017_2_4_21_0_1 3155 -1.0094251701411803 -0.6912927410006877 -0.46363068411647157 0.15954003983975956 -0.006746179425423586 -0.7859171388105343 -1.3937155676996693 0
HH0647-rgb_2017_2_4_21_0_1 3155 -0.0008730253520432782 -0.00609474505010922 0.574586020643644 0.06444320036770632 -0.21894418680692912 0.3801316203908132 -0.25909173461362545 2
HH0647-rgb_2017_2_4_21_0_1 3155 0.30169261808469783 0.2463466218790513 1.0024225748030322 1.0788094880696077 0.4176498353375875 -1.4522307154970184 1.095136711327782 2
HH0647-rgb_2017_2_4_21_0_1 7455 -0.5051490977466118 -0.36672526923462423 0.5603248021716644 0.6667231836907103 1.054243857482104 0.8798668029056764 0.8389313296631913 1
HH0647-rgb_2017_2_4_21_0_1 2505 0.30169261808469783 -0.6552296885822362 0.6287786508371666 0.01689478063167969 -0.8555382089514458 -0.45276035046729207 -0.5884986538966704 2
HH0647-rgb_2017_2_4_21_0_1 2505 -0.3538662760282413 0.6430401984820178 0.9710478941646772 1.189755800787003 1.478639872245115 1.0464451970772974 -0.7715024979428066 2
HH0647-rgb_2017_2_4_21_0_1 460 0.251265010845241 -0.33066221681617275 0.6858235247250849 0.34973371878386605 -0.6433402015699402 -0.9524955329821553 -0.515297116278216 2
HH0647-rgb_2017_2_4_21_0_1 4160 -0.7068595267044392 -0.5470405313268817 -0.4579261967276797 0.15954003983975956 0.4176498353375875 -2.1185442921835027 -0.2224909658043982 0
HH0647-rgb_2017_2_4_21_0_1 3790 -0.5555767049860687 -0.7273557934191393 -0.4065858102285531 0.11199162010373294 0.4176498353375875 0.8798668029056764 -0.2224909658043982 1
HH0647-rgb_2017_2_4_21_0_1 3790 nan nan nan nan nan nan nan 0
HH0647-rgb_2017_2_4_21_0_1 6830 -0.6564319194649824 -0.5470405313268817 -0.4579261967276797 0.25463687931181284 -0.006746179425423586 0.5467100145624343 -0.7715024979428066 1
HH0647-rgb_2017_2_4_21_0_1 6830 -0.25301106154932756 -0.4749144264899787 0.540359096310893 0.6350242372000258 0.4176498353375875 0.3801316203908132 0.948733636090873 1
HH0647-rgb_2017_2_4_21_0_1 4955 nan nan nan nan nan nan nan 0
HH0647-rgb_2017_2_4_21_0_1 1805 nan nan nan nan nan nan nan 0
HH0647-rgb_2017_2_4_21_0_1 3960 -0.9085699556622666 -0.6912927410006877 -0.46363068411647157 0.2070884595757862 1.478639872245115 -1.2856523213253974 -0.8813048043704882 0
HH0647-rgb_2017_2_4_21_0_1 7535 -0.3034386687887844 -0.5470405313268817 0.5688815332548521 0.6667231836907103 -0.6433402015699402 0.8798668029056764 -0.18589019699517098 2
HH0647-rgb_2017_2_4_21_0_1 3035 -0.3538662760282413 -0.43885137407152724 -0.7802297341944189 -0.1574494250670846 0.629847842719093 1.5461803795921607 -1.1375101860350787 2
HH0647-rgb_2017_2_4_21_0_1 3035 -0.0008730253520432782 -0.18641000714236672 0.20664658406657008 -1.2827620254863814 -0.43114219418843464 0.3801316203908132 2.0101559315584625 1
HH0647-rgb_2017_2_4_21_0_1 3035 -0.3034386687887844 -0.43885137407152724 0.6373353819203543 0.11199162010373294 -0.006746179425423586 0.0469748320475711 -1.027707879607397 2
HH0647-rgb_2017_2_4_21_0_1 3035 0.6546858687608959 0.06603135978679378 1.0309450117469914 1.0471105415789232 0.4176498353375875 0.5467100145624343 1.2049390177554635 2
HH0647-rgb_2017_2_4_21_0_1 8160 -0.4042938832676981 -0.5470405313268817 0.5688815332548521 0.6667231836907103 0.20545182795608197 0.5467100145624343 -0.18589019699517098 2
HH0647-rgb_2017_2_4_21_0_1 1150 -0.0008730253520432782 -0.2945991643977212 0.7514251296961911 0.6191747639546836 -0.43114219418843464 -0.6193387446389131 -0.18589019699517098 2
HH0647-rgb_2017_2_4_21_0_1 4000 -0.6060043122255255 -0.5831035837453332 -0.42655151608932457 0.15954003983975956 1.903035887008126 -1.1190739271537764 -0.11268865937671653 0
HH0647-rgb_2017_2_4_21_0_1 500 0.5538306542819821 -0.18641000714236672 0.6886757684194809 0.3972821385198927 -0.8555382089514458 -0.7859171388105343 -0.6617001915151248 2
HH0647-rgb_2017_2_4_21_0_1 6165 -0.6564319194649824 -0.6912927410006877 -0.46363068411647157 0.25463687931181284 -0.006746179425423586 0.3801316203908132 -0.7349017291335793 1
HH0647-rgb_2017_2_4_21_0_1 2465 0.20083740360578414 -0.5470405313268817 0.6173696760595828 0.06444320036770632 -1.0677362163329513 -0.286181956295671 -0.03948712175826208 2
HH0647-rgb_2017_2_4_21_0_1 5685 nan nan nan nan nan nan nan 0
HH0647-rgb_2017_2_4_21_0_1 925 -0.0008730253520432782 -0.18641000714236672 0.7571296170849829 0.6191747639546836 -0.006746179425423586 -0.9524955329821553 0.5095244103801463 2
HH0647-rgb_2017_2_4_21_0_1 2840 0.40254783256361154 -0.22247305956081823 0.6145174323651869 0.11199162010373294 -0.006746179425423586 0.21355322621919218 -0.9545063419889426 2
HH0647-rgb_2017_2_4_21_0_1 2840 0.5034030470425253 1.0757968275034357 0.9881613563310526 1.031261068333581 -2.3409242606219847 -1.6188091096686394 0.3997221039524646 2
HH0647-rgb_2017_2_4_21_0_1 7910 -0.4042938832676981 -0.33066221681617275 0.5603248021716644 0.6667231836907103 1.054243857482104 0.8798668029056764 0.6925282544262824 1
HH0647-rgb_2017_2_4_21_0_1 3545 0.3521202253241547 -0.18641000714236672 -0.81445665852717 -0.1574494250670846 1.2664418648636095 0.3801316203908132 -0.18589019699517098 2
HH0647-rgb_2017_2_4_21_0_1 3545 -0.9085699556622666 -0.6552296885822362 -0.47218741519965934 0.01689478063167969 -0.006746179425423586 0.0469748320475711 -1.1009094172258516 0
HH0647-rgb_2017_2_4_21_0_1 3545 -0.3538662760282413 -0.2945991643977212 0.6344831382259584 0.11199162010373294 0.20545182795608197 0.0469748320475711 -0.9911071107981698 2
HH0647-rgb_2017_2_4_21_0_1 3545 0.1504097963663273 -0.07822084988701222 1.0366494991357833 1.0471105415789232 0.4176498353375875 0.7132884087340554 1.2049390177554635 2
HH0647-rgb_2017_2_4_21_0_1 7045 -0.6564319194649824 -0.6912927410006877 -0.46363068411647157 0.25463687931181284 -0.21894418680692912 0.3801316203908132 -0.515297116278216 1
HH0647-rgb_2017_2_4_21_0_1 7045 0.049554581887413574 -0.2945991643977212 0.534654608922101 0.5874758174639992 -0.43114219418843464 0.0469748320475711 0.5827259479986008 2
HH0647-rgb_2017_2_4_21_0_1 6415 -0.3538662760282413 -0.5470405313268817 -0.47503965889405525 0.25463687931181284 -0.006746179425423586 0.21355322621919218 -0.0760878905674893 1
HH0647-rgb_2017_2_4_21_0_1 70 0.251265010845241 -0.33066221681617275 0.6858235247250849 0.34973371878386605 -0.8555382089514458 -0.9524955329821553 -0.2224909658043982 2
HH0647-rgb_2017_2_4_21_0_1 4570 -0.7068595267044392 -0.6552296885822362 -0.47218741519965934 0.11199162010373294 -0.21894418680692912 -0.6193387446389131 0.14351672228787404 1
HH0647-rgb_2017_2_4_21_0_1 4570 0.40254783256361154 -0.6191666361637848 -0.8401268517767332 -0.44273994348324436 -2.128726253240479 2.045915562107024 1.5709467058477358 1
HH0647-rgb_2017_2_4_21_0_1 4200 -0.6060043122255255 -0.5470405313268817 -0.4579261967276797 0.15954003983975956 -0.006746179425423586 -1.4522307154970184 -0.18589019699517098 1
HH0647-rgb_2017_2_4_21_0_1 700 -0.20258345430987068 -0.2945991643977212 0.7599818607793789 0.6667231836907103 0.20545182795608197 -0.9524955329821553 0.21671825990632848 2
HH0647-rgb_2017_2_4_21_0_1 6365 -0.7068595267044392 -0.5470405313268817 -0.4664829278108675 0.2070884595757862 -0.21894418680692912 0.5467100145624343 -0.6617001915151248 1
HH0647-rgb_2017_2_4_21_0_1 2665 0.30169261808469783 -0.6552296885822362 0.6287786508371666 0.01689478063167969 -0.8555382089514458 -0.7859171388105343 -0.6617001915151248 2
HH0647-rgb_2017_2_4_21_0_1 2665 0.40254783256361154 0.8594185129927268 0.9796046252478648 1.1263579078056343 -1.4921322310959624 -1.4522307154970184 0.3997221039524646 2
HH0647-rgb_2017_2_4_21_0_1 7735 -0.3034386687887844 -0.43885137407152724 0.5631770458660603 0.6667231836907103 -0.006746179425423586 0.3801316203908132 -0.25909173461362545 2
HH0647-rgb_2017_2_4_21_0_1 2895 0.6042582615214389 -0.00609474505010922 0.6059607012819991 -0.030653639104346937 0.629847842719093 0.0469748320475711 -0.3688940410413071 2
HH0647-rgb_2017_2_4_21_0_1 2895 0.5538306542819821 0.7512293557373723 1.0024225748030322 0.9995621218428966 -1.704330238477468 -0.6193387446389131 0.4729236415709191 2
HH0647-rgb_2017_2_4_21_0_1 3235 0.049554581887413574 0.2824096742975028 -0.7317415913896882 -0.20499784480311123 0.4176498353375875 0.21355322621919218 -2.5283394007857134 2
HH0647-rgb_2017_2_4_21_0_1 3235 -0.7572871339438961 -0.5470405313268817 -0.4664829278108675 0.2070884595757862 0.4176498353375875 -1.1190739271537764 -1.3205140300812148 0
HH0647-rgb_2017_2_4_21_0_1 3235 0.30169261808469783 0.17422051704214828 0.5774382643380399 0.06444320036770632 -0.006746179425423586 0.3801316203908132 0.21671825990632848 2
HH0647-rgb_2017_2_4_21_0_1 3235 0.1504097963663273 0.6430401984820178 0.9796046252478648 0.95201370210687 -2.55312226800349 -0.9524955329821553 1.8271520875123264 1
HH0647-rgb_2017_2_4_21_0_1 8360 -0.5051490977466118 -0.5470405313268817 0.5688815332548521 0.6667231836907103 -0.006746179425423586 0.8798668029056764 -0.18589019699517098 2
HH0647-rgb_2017_2_4_21_0_1 5650 nan nan nan nan nan nan nan 0
HH0647-rgb_2017_2_4_21_0_1 3590 -0.3538662760282413 -0.43885137407152724 -0.8401268517767332 -0.20499784480311123 0.8420458501005986 0.8798668029056764 -0.6250994227058976 1
HH0647-rgb_2017_2_4_21_0_1 3590 -1.0094251701411803 -0.8355449506744937 -0.483596389977243 0.06444320036770632 -0.43114219418843464 0.3801316203908132 -0.7715024979428066 1
HH0647-rgb_2017_2_4_21_0_1 3590 -0.0008730253520432782 -0.43885137407152724 0.6287786508371666 0.11199162010373294 -0.006746179425423586 0.21355322621919218 -0.6250994227058976 2
HH0647-rgb_2017_2_4_21_0_1 3590 -0.0008730253520432782 -0.33066221681617275 1.0280927680525955 1.0788094880696077 0.629847842719093 0.7132884087340554 1.1683382489462364 2
HH0647-rgb_2017_2_4_21_0_1 7090 -0.3538662760282413 -0.5470405313268817 -0.47503965889405525 0.3021852990478394 -0.43114219418843464 0.7132884087340554 -0.7349017291335793 2
HH0647-rgb_2017_2_4_21_0_1 7090 -0.20258345430987068 -0.4027883216530757 0.537506852616497 0.6191747639546836 -0.006746179425423586 0.3801316203908132 0.5095244103801463 2
HH0647-rgb_2017_2_4_21_0_1 6615 -0.8581423484228098 -0.6912927410006877 -0.48644863367163893 0.3021852990478394 -0.8555382089514458 0.3801316203908132 0.32652056633401016 1
HH0647-rgb_2017_2_4_21_0_1 6615 -0.3034386687887844 -0.43885137407152724 0.537506852616497 0.571626344218657 0.4176498353375875 -0.11960356212404996 0.2533190287155557 1
HH0647-rgb_2017_2_4_21_0_1 270 0.251265010845241 -0.33066221681617275 0.6858235247250849 0.34973371878386605 -0.8555382089514458 -0.45276035046729207 -0.515297116278216 2
HH0647-rgb_2017_2_4_21_0_1 4770 -0.7068595267044392 -0.6912927410006877 -0.46363068411647157 0.11199162010373294 -0.006746179425423586 -0.45276035046729207 1.2049390177554635 1
HH0647-rgb_2017_2_4_21_0_1 4770 -0.7068595267044392 0.2824096742975028 -0.997000254968509 -0.12575047857640018 0.4176498353375875 -1.4522307154970184 2.04675670036769 0
HH0647-rgb_2017_2_4_21_0_1 4770 1.5119551918316623 3.455958287121235 -0.26682586920315293 0.6191747639546836 0.20545182795608197 0.3801316203908132 1.6807490122754174 2
HH0647-rgb_2017_2_4_21_0_1 4980 nan nan nan nan nan nan nan 0
HH0647-rgb_2017_2_4_21_0_1 5320 nan nan nan nan nan nan nan 0
HH0647-rgb_2017_2_4_21_0_1 3745 nan nan nan nan nan nan nan 0
HH0647-rgb_2017_2_4_21_0_1 7245 -0.3034386687887844 -0.43885137407152724 0.5546203147828725 0.6191747639546836 -0.21894418680692912 0.5467100145624343 0.6193267168078279 1
HH0647-rgb_2017_2_4_21_0_1 5485 nan nan nan nan nan nan nan 0
HH0647-rgb_2017_2_4_21_0_1 1185 0.40254783256361154 -0.2945991643977212 0.7514251296961911 0.6191747639546836 -0.43114219418843464 -0.45276035046729207 -0.18589019699517098 2
HH0647-rgb_2017_2_4_21_0_1 4610 -0.807714741183353 -0.6912927410006877 -0.46363068411647157 0.06444320036770632 -1.2799342237144569 0.21355322621919218 0.6559274856170552 1
HH0647-rgb_2017_2_4_21_0_1 4610 0.5538306542819821 -0.2945991643977212 -0.8600925576375047 -0.3951915237472177 -1.704330238477468 0.7132884087340554 1.6807490122754174 1
HH0647-rgb_2017_2_4_21_0_1 4610 nan nan nan nan nan nan nan 0
HH0647-rgb_2017_2_4_21_0_1 310 0.049554581887413574 -0.18641000714236672 0.6886757684194809 0.3972821385198927 -0.21894418680692912 0.3801316203908132 -0.0028863529490348577 2
HH0647-rgb_2017_2_4_21_0_1 6775 -0.6564319194649824 -0.5470405313268817 -0.4579261967276797 0.25463687931181284 0.4176498353375875 0.7132884087340554 -0.5518978850874432 1
HH0647-rgb_2017_2_4_21_0_1 6775 -0.15215584707041385 -0.43885137407152724 0.537506852616497 0.6350242372000258 0.4176498353375875 0.3801316203908132 0.7657297920447369 2
HH0647-rgb_2017_2_4_21_0_1 7325 -0.6060043122255255 -0.6191666361637848 0.5717337769492481 0.6667231836907103 0.20545182795608197 0.8798668029056764 -0.11268865937671653 1
HH0647-rgb_2017_2_4_21_0_1 6985 -0.6564319194649824 -0.5470405313268817 -0.4664829278108675 0.3021852990478394 0.20545182795608197 0.0469748320475711 -0.9545063419889426 1
HH0647-rgb_2017_2_4_21_0_1 6985 -0.25301106154932756 -0.4749144264899787 0.5318023652277052 0.5874758174639992 0.8420458501005986 0.3801316203908132 0.43632287276169185 2
HH0647-rgb_2017_2_4_21_0_1 5240 nan nan nan nan nan nan nan 0
HH0647-rgb_2017_2_4_21_0_1 3180 -0.3538662760282413 -0.2945991643977212 -0.7773774905000229 -0.1574494250670846 -0.006746179425423586 1.2130235912489185 -1.4303163365088964 2
HH0647-rgb_2017_2_4_21_0_1 3180 -0.3538662760282413 -0.5470405313268817 -0.4579261967276797 0.15954003983975956 -0.006746179425423586 0.3801316203908132 -0.4420955786597615 1
HH0647-rgb_2017_2_4_21_0_1 3180 -0.20258345430987068 -0.22247305956081823 0.5802905080324359 0.11199162010373294 -0.21894418680692912 0.3801316203908132 0.10691595347864681 1
HH0647-rgb_2017_2_4_21_0_1 7480 -0.5051490977466118 -0.36672526923462423 0.5603248021716644 0.6667231836907103 0.629847842719093 0.8798668029056764 0.8389313296631913 1
HH0647-rgb_2017_2_4_21_0_1 2705 0.30169261808469783 -0.43885137407152724 0.6287786508371666 -0.030653639104346937 -0.6433402015699402 -0.7859171388105343 -0.6250994227058976 2
HH0647-rgb_2017_2_4_21_0_1 2705 0.1504097963663273 0.2824096742975028 1.0223882806638038 1.0471105415789232 -0.21894418680692912 -0.6193387446389131 2.1931597756045984 1
HH0647-rgb_2017_2_4_21_0_1 6205 -0.3538662760282413 -0.5470405313268817 -0.47503965889405525 0.3021852990478394 -0.6433402015699402 0.7132884087340554 -0.40549480985053427 1
HH0647-rgb_2017_2_4_21_0_1 660 0.40254783256361154 -0.33066221681617275 0.7685385918625667 0.6667231836907103 0.20545182795608197 -0.45276035046729207 -0.25909173461362545 2
HH0647-rgb_2017_2_4_21_0_1 4360 -0.4042938832676981 -0.43885137407152724 -0.4550739530332838 0.01689478063167969 -1.704330238477468 1.3796019854205397 0.32652056633401016 1
HH0647-rgb_2017_2_4_21_0_1 890 0.40254783256361154 -0.18641000714236672 0.7571296170849829 0.6191747639546836 -0.006746179425423586 0.21355322621919218 -0.33229327223207983 2
HH0647-rgb_2017_2_4_21_0_1 8200 -0.20258345430987068 -0.4027883216530757 0.5631770458660603 0.6667231836907103 0.4176498353375875 0.5467100145624343 0.2533190287155557 2
HH0647-rgb_2017_2_4_21_0_1 3355 0.09998218912687043 0.6069771460635663 -0.73744607877848 -0.12575047857640018 -0.43114219418843464 -1.4522307154970184 -2.5283394007857134 2
HH0647-rgb_2017_2_4_21_0_1 3355 -0.7068595267044392 -0.5470405313268817 -0.4664829278108675 0.15954003983975956 -0.006746179425423586 -0.6193387446389131 -0.8081032667520337 1
HH0647-rgb_2017_2_4_21_0_1 3355 -0.0008730253520432782 -0.00609474505010922 0.574586020643644 0.06444320036770632 -0.21894418680692912 0.3801316203908132 -0.0028863529490348577 2
HH0647-rgb_2017_2_4_21_0_1 7655 -0.3034386687887844 -0.43885137407152724 0.5631770458660603 0.6667231836907103 -0.006746179425423586 0.3801316203908132 0.14351672228787404 2
HH0647-rgb_2017_2_4_21_0_1 5080 nan nan nan nan nan nan nan 0
HH0647-rgb_2017_2_4_21_0_1 885 -0.0008730253520432782 -0.18641000714236672 0.7571296170849829 0.6191747639546836 -0.006746179425423586 -0.9524955329821553 0.5095244103801463 2
HH0647-rgb_2017_2_4_21_0_1 7640 -0.20258345430987068 -0.4027883216530757 0.5631770458660603 0.6667231836907103 -0.006746179425423586 0.3801316203908132 0.43632287276169185 2
HH0647-rgb_2017_2_4_21_0_1 8215 -0.3034386687887844 -0.36672526923462423 0.5603248021716644 0.7142716034267369 0.629847842719093 0.7132884087340554 0.8389313296631913 1
HH0647-rgb_2017_2_4_21_0_1 3340 0.049554581887413574 0.3545357791344058 -0.7545595409448556 -0.10990100533105798 -0.006746179425423586 -1.1190739271537764 -2.198932481502668 2
HH0647-rgb_2017_2_4_21_0_1 3340 -0.9589975629017234 -0.6912927410006877 -0.46363068411647157 0.15954003983975956 0.629847842719093 -0.9524955329821553 -1.174110954844306 0
HH0647-rgb_2017_2_4_21_0_1 3340 -0.0008730253520432782 -0.00609474505010922 0.574586020643644 0.01689478063167969 -0.006746179425423586 0.5467100145624343 -0.03948712175826208 2
HH0647-rgb_2017_2_4_21_0_1 6210 -0.7572871339438961 -0.5470405313268817 -0.47503965889405525 0.3021852990478394 -0.8555382089514458 -0.286181956295671 -0.8081032667520337 1
HH0647-rgb_2017_2_4_21_0_1 2710 0.30169261808469783 -0.6912927410006877 0.6401876256147502 0.01689478063167969 -0.8555382089514458 -0.7859171388105343 -0.7715024979428066 2
HH0647-rgb_2017_2_4_21_0_1 2710 0.251265010845241 0.21028356946059978 1.0337972554413875 0.9995621218428966 -0.006746179425423586 -1.2856523213253974 1.4611443994200541 2
HH0647-rgb_2017_2_4_21_0_1 4375 -0.7068595267044392 -0.6912927410006877 -0.4550739530332838 0.06444320036770632 -0.8555382089514458 0.0469748320475711 1.278140555373918 1
HH0647-rgb_2017_2_4_21_0_1 675 0.40254783256361154 -0.33066221681617275 0.7685385918625667 0.7142716034267369 -0.006746179425423586 -0.45276035046729207 -0.18589019699517098 2
HH0647-rgb_2017_2_4_21_0_1 7495 -0.3034386687887844 -0.43885137407152724 0.5631770458660603 0.6667231836907103 -0.43114219418843464 0.8798668029056764 0.7657297920447369 1
HH0647-rgb_2017_2_4_21_0_1 3195 0.30169261808469783 -0.18641000714236672 -0.7631162720280433 -0.1732988983124268 -0.21894418680692912 1.3796019854205397 -0.6983009603243521 2
HH0647-rgb_2017_2_4_21_0_1 3195 -0.7068595267044392 -0.6912927410006877 -0.4550739530332838 0.11199162010373294 -0.43114219418843464 0.7132884087340554 -0.7349017291335793 1
HH0647-rgb_2017_2_4_21_0_1 3195 -0.20258345430987068 -0.25853611197926973 0.5831427517268317 0.06444320036770632 -0.006746179425423586 0.3801316203908132 -0.0760878905674893 2
HH0647-rgb_2017_2_4_21_0_1 3630 nan nan nan nan nan nan nan 0
HH0647-rgb_2017_2_4_21_0_1 6990 -0.7068595267044392 -0.5470405313268817 -0.4664829278108675 0.25463687931181284 -0.006746179425423586 1.2130235912489185 -0.844704035561261 1
HH0647-rgb_2017_2_4_21_0_1 6990 -0.20258345430987068 -0.4027883216530757 0.5289501215333092 0.6191747639546836 1.054243857482104 -0.11960356212404996 0.4729236415709191 2
HH0647-rgb_2017_2_4_21_0_1 7330 -0.7572871339438961 -0.5470405313268817 0.5688815332548521 0.6825726569360524 1.054243857482104 0.8798668029056764 0.6925282544262824 1
HH0647-rgb_2017_2_4_21_0_1 5255 nan nan nan nan nan nan nan 0
HH0647-rgb_2017_2_4_21_0_1 305 0.3521202253241547 -0.18641000714236672 0.6886757684194809 0.3972821385198927 -0.6433402015699402 -0.286181956295671 -0.844704035561261 2
HH0647-rgb_2017_2_4_21_0_1 4605 -0.7068595267044392 -0.6912927410006877 -0.46363068411647157 0.06444320036770632 -0.6433402015699402 0.3801316203908132 0.5461251791893735 1
HH0647-rgb_2017_2_4_21_0_1 4605 0.4529754398030684 -0.2945991643977212 -0.8600925576375047 -0.3476431040111911 -0.43114219418843464 0.3801316203908132 2.1565590067953715 1
HH0647-rgb_2017_2_4_21_0_1 4605 nan nan nan nan nan nan nan 0
HH0647-rgb_2017_2_4_21_0_1 6760 -0.6564319194649824 -0.5470405313268817 -0.4579261967276797 0.25463687931181284 0.4176498353375875 0.5467100145624343 -0.2224909658043982 1
HH0647-rgb_2017_2_4_21_0_1 6760 -0.3034386687887844 -0.43885137407152724 0.537506852616497 0.6191747639546836 0.8420458501005986 0.21355322621919218 0.6559274856170552 1
HH0647-rgb_2017_2_4_21_0_1 1190 0.6042582615214389 -0.2945991643977212 0.7514251296961911 0.6191747639546836 -0.43114219418843464 -0.9524955329821553 -0.4786963474689887 2
HH0647-rgb_2017_2_4_21_0_1 5490 nan nan nan nan nan nan nan 0
HH0647-rgb_2017_2_4_21_0_1 5335 nan nan nan nan nan nan nan 0
HH0647-rgb_2017_2_4_21_0_1 4995 nan nan nan nan nan nan nan 0
HH0647-rgb_2017_2_4_21_0_1 7250 -0.5051490977466118 -0.36672526923462423 0.5603248021716644 0.6191747639546836 -0.43114219418843464 0.21355322621919218 1.4245436306108268 1
HH0647-rgb_2017_2_4_21_0_1 3750 1.310244762873835 -0.2945991643977212 -0.4436649782557001 0.11199162010373294 -0.8555382089514458 0.0469748320475711 1.3147413241831452 2
HH0647-rgb_2017_2_4_21_0_1 3750 nan nan nan nan nan nan nan 0
HH0647-rgb_2017_2_4_21_0_1 6600 -0.3538662760282413 -0.43885137407152724 -0.4550739530332838 0.25463687931181284 -0.006746179425423586 0.5467100145624343 -0.9911071107981698 2
HH0647-rgb_2017_2_4_21_0_1 6600 -0.20258345430987068 -0.5109774789084303 0.5489158273940807 0.571626344218657 0.629847842719093 0.21355322621919218 -0.33229327223207983 2
HH0647-rgb_2017_2_4_21_0_1 4765 -0.5051490977466118 -0.6912927410006877 -0.46363068411647157 0.11199162010373294 -0.8555382089514458 0.5467100145624343 1.278140555373918 1
HH0647-rgb_2017_2_4_21_0_1 4765 -0.807714741183353 0.3184727267159543 -0.997000254968509 -0.07820205884037357 1.6908378796266206 -2.6182794746983657 1.4977451682292813 0
HH0647-rgb_2017_2_4_21_0_1 4765 1.8145208352684035 3.0592647105182684 -0.2354511885647978 0.7142716034267369 0.629847842719093 -0.9524955329821553 1.4977451682292813 2
HH0647-rgb_2017_2_4_21_0_1 265 -0.05130063259150013 -0.33066221681617275 0.6858235247250849 0.3021852990478394 -0.43114219418843464 -0.6193387446389131 -0.0028863529490348577 2
HH0647-rgb_2017_2_4_21_0_1 7085 -0.3538662760282413 -0.5470405313268817 -0.47503965889405525 0.3021852990478394 -0.006746179425423586 0.5467100145624343 -0.515297116278216 2
HH0647-rgb_2017_2_4_21_0_1 7085 -0.25301106154932756 -0.4749144264899787 0.540359096310893 0.5874758174639992 -0.6433402015699402 0.0469748320475711 0.3997221039524646 1
HH0647-rgb_2017_2_4_21_0_1 3585 -0.3538662760282413 -0.43885137407152724 -0.8401268517767332 -0.20499784480311123 0.8420458501005986 1.2130235912489185 -0.5884986538966704 1
HH0647-rgb_2017_2_4_21_0_1 3585 -1.0094251701411803 -0.8355449506744937 -0.483596389977243 0.06444320036770632 -0.21894418680692912 0.3801316203908132 -0.8813048043704882 1
HH0647-rgb_2017_2_4_21_0_1 3585 -0.0008730253520432782 -0.43885137407152724 0.6287786508371666 0.11199162010373294 -0.006746179425423586 0.0469748320475711 -0.4420955786597615 2
HH0647-rgb_2017_2_4_21_0_1 3585 0.09998218912687043 -0.43885137407152724 1.0309450117469914 1.0788094880696077 -0.21894418680692912 0.8798668029056764 0.2533190287155557 2
HH0647-rgb_2017_2_4_21_0_1 3220 0.09998218912687043 0.2824096742975028 -0.7231848603065004 -0.1732988983124268 0.629847842719093 0.3801316203908132 -2.491738631976486 2
HH0647-rgb_2017_2_4_21_0_1 3220 -0.7068595267044392 -0.5470405313268817 -0.4664829278108675 0.15954003983975956 -0.006746179425423586 -0.7859171388105343 -0.7715024979428066 1
HH0647-rgb_2017_2_4_21_0_1 3220 0.40254783256361154 0.17422051704214828 0.5859949954212277 0.11199162010373294 -0.6433402015699402 0.3801316203908132 0.033714415860192366 2
HH0647-rgb_2017_2_4_21_0_1 3220 0.049554581887413574 0.6430401984820178 0.9796046252478648 0.95201370210687 -1.0677362163329513 -0.11960356212404996 0.8389313296631913 2
HH0647-rgb_2017_2_4_21_0_1 8375 -0.3034386687887844 -0.43885137407152724 0.5631770458660603 0.6667231836907103 -0.21894418680692912 0.7132884087340554 0.033714415860192366 2
HH0647-rgb_2017_2_4_21_0_1 7720 -0.4042938832676981 -0.07822084988701222 0.5517680710884766 0.6667231836907103 -0.006746179425423586 0.3801316203908132 1.0585359425185545 1
HH0647-rgb_2017_2_4_21_0_1 2880 0.5034030470425253 -0.4027883216530757 0.6287786508371666 0.01689478063167969 -0.6433402015699402 -0.286181956295671 0.07031518466941959 2
HH0647-rgb_2017_2_4_21_0_1 2880 0.6546858687608959 0.3545357791344058 1.0223882806638038 0.9995621218428966 0.4176498353375875 2.545650744621887 0.7291290232355097 2
HH0647-rgb_2017_2_4_21_0_1 5645 1.965803656986774 3.888714916142653 -1.0483406414676355 0.5557768709733147 -2.3409242606219847 -2.2851226863551237 2.4859659260784164 0
HH0647-rgb_2017_2_4_21_0_1 715 -0.20258345430987068 -0.2945991643977212 0.7599818607793789 0.6667231836907103 0.4176498353375875 -0.9524955329821553 0.4729236415709191 1
HH0647-rgb_2017_2_4_21_0_1 4215 -0.7068595267044392 -0.5470405313268817 -0.43225600347811644 0.01689478063167969 -0.43114219418843464 0.7132884087340554 -0.03948712175826208 1
HH0647-rgb_2017_2_4_21_0_1 2670 0.30169261808469783 -0.6552296885822362 0.6287786508371666 0.01689478063167969 -0.8555382089514458 -0.6193387446389131 -0.6983009603243521 2
HH0647-rgb_2017_2_4_21_0_1 2670 0.40254783256361154 0.8594185129927268 0.9796046252478648 1.0788094880696077 -2.128726253240479 -1.4522307154970184 0.5827259479986008 2
HH0647-rgb_2017_2_4_21_0_1 6370 -0.3538662760282413 -0.5470405313268817 -0.4664829278108675 0.25463687931181284 -0.21894418680692912 0.3801316203908132 -0.6617001915151248 2
HH0647-rgb_2017_2_4_21_0_1 3230 -0.4042938832676981 0.17422051704214828 -0.7174803729177086 -0.1732988983124268 -0.006746179425423586 -0.11960356212404996 -2.674742476022622 2
HH0647-rgb_2017_2_4_21_0_1 3230 -0.7068595267044392 -0.5470405313268817 -0.4664829278108675 0.15954003983975956 -0.006746179425423586 -0.6193387446389131 -0.9179055731797154 1
HH0647-rgb_2017_2_4_21_0_1 3230 0.20083740360578414 -0.07822084988701222 0.5859949954212277 0.06444320036770632 -0.006746179425423586 0.21355322621919218 -0.18589019699517098 2
HH0647-rgb_2017_2_4_21_0_1 3230 0.5538306542819821 0.7512293557373723 0.9853091126366568 0.9995621218428966 -2.7653202753849957 -0.9524955329821553 2.0101559315584625 1
HH0647-rgb_2017_2_4_21_0_1 8365 -0.4042938832676981 -0.43885137407152724 0.5631770458660603 0.7142716034267369 1.054243857482104 0.7132884087340554 0.5827259479986008 1
HH0647-rgb_2017_2_4_21_0_1 7730 -0.5051490977466118 -0.36672526923462423 0.5603248021716644 0.6667231836907103 -0.006746179425423586 0.8798668029056764 0.033714415860192366 2
HH0647-rgb_2017_2_4_21_0_1 2890 0.8059686904792663 -0.1503469547239152 0.6202219197539788 0.01689478063167969 -0.21894418680692912 -0.11960356212404996 -0.14928942818594376 2
HH0647-rgb_2017_2_4_21_0_1 2890 0.7051134760003527 0.6791032509004693 1.0366494991357833 0.95201370210687 -1.4921322310959624 0.3801316203908132 1.753950549893872 2
HH0647-rgb_2017_2_4_21_0_1 5655 nan nan nan nan nan nan nan 0
HH0647-rgb_2017_2_4_21_0_1 705 -0.20258345430987068 -0.2945991643977212 0.7599818607793789 0.6667231836907103 0.20545182795608197 -0.9524955329821553 0.5095244103801463 1
HH0647-rgb_2017_2_4_21_0_1 4205 -0.6060043122255255 -0.5470405313268817 -0.4579261967276797 0.15954003983975956 0.4176498353375875 -1.7853875038402607 -0.33229327223207983 1
HH0647-rgb_2017_2_4_21_0_1 2660 0.30169261808469783 -0.6552296885822362 0.6287786508371666 0.01689478063167969 -0.8555382089514458 -0.7859171388105343 -0.7715024979428066 2
HH0647-rgb_2017_2_4_21_0_1 2660 0.09998218912687043 0.9315446178296298 0.976752381553469 1.1263579078056343 -0.006746179425423586 -1.1190739271537764 -0.14928942818594376 2
HH0647-rgb_2017_2_4_21_0_1 6360 -0.3538662760282413 -0.5470405313268817 -0.47503965889405525 0.25463687931181284 -0.006746179425423586 0.21355322621919218 -0.18589019699517098 1
HH0647-rgb_2017_2_4_21_0_1 7095 -0.7572871339438961 -0.5470405313268817 -0.47503965889405525 0.3021852990478394 -0.43114219418843464 -0.11960356212404996 -0.4786963474689887 1
HH0647-rgb_2017_2_4_21_0_1 7095 -0.20258345430987068 -0.4027883216530757 0.537506852616497 0.6191747639546836 0.20545182795608197 0.3801316203908132 0.7657297920447369 1
HH0647-rgb_2017_2_4_21_0_1 3595 -0.0008730253520432782 -0.43885137407152724 -0.8401268517767332 -0.22084731804845345 0.4176498353375875 0.8798668029056764 -0.11268865937671653 2
HH0647-rgb_2017_2_4_21_0_1 3595 -0.9085699556622666 -0.8355449506744937 -0.483596389977243 0.06444320036770632 -0.43114219418843464 0.3801316203908132 -0.5518978850874432 1
HH0647-rgb_2017_2_4_21_0_1 3595 0.30169261808469783 -0.6191666361637848 0.6373353819203543 0.11199162010373294 -0.6433402015699402 -0.7859171388105343 -0.9179055731797154 2
HH0647-rgb_2017_2_4_21_0_1 3595 0.3521202253241547 -0.22247305956081823 1.0223882806638038 1.0471105415789232 -1.2799342237144569 0.21355322621919218 -0.18589019699517098 2
HH0647-rgb_2017_2_4_21_0_1 5325 nan nan nan nan nan nan nan 0
HH0647-rgb_2017_2_4_21_0_1 1625 nan nan nan nan nan nan nan 0
HH0647-rgb_2017_2_4_21_0_1 4985 nan nan nan nan nan nan nan 0
HH0647-rgb_2017_2_4_21_0_1 3740 -0.5555767049860687 -0.5470405313268817 -0.44936946564449193 0.2070884595757862 0.8420458501005986 -1.9519658980118817 -0.5518978850874432 1
HH0647-rgb_2017_2_4_21_0_1 6610 -0.3538662760282413 -0.5470405313268817 -0.4579261967276797 0.25463687931181284 -0.006746179425423586 0.5467100145624343 -0.40549480985053427 1
HH0647-rgb_2017_2_4_21_0_1 6610 0.20083740360578414 -0.4027883216530757 0.5460635836996848 0.571626344218657 -0.8555382089514458 -0.7859171388105343 -0.2224909658043982 2
HH0647-rgb_2017_2_4_21_0_1 4775 -0.4042938832676981 -0.5470405313268817 -0.4579261967276797 0.11199162010373294 -0.8555382089514458 1.2130235912489185 1.3147413241831452 1
HH0647-rgb_2017_2_4_21_0_1 4775 -0.6060043122255255 0.2824096742975028 -0.997000254968509 -0.12575047857640018 -0.006746179425423586 -0.6193387446389131 2.04675670036769 0
HH0647-rgb_2017_2_4_21_0_1 4775 1.612810406310576 3.3477691298658807 -0.2611213818143611 0.5240779244826304 1.054243857482104 1.2130235912489185 2.3761636196507347 2
HH0647-rgb_2017_2_4_21_0_1 275 0.251265010845241 -0.33066221681617275 0.6858235247250849 0.34973371878386605 -0.6433402015699402 -0.6193387446389131 -0.844704035561261 2
HH0647-rgb_2017_2_4_21_0_1 1180 0.40254783256361154 -0.18641000714236672 0.7485728860017953 0.571626344218657 -0.43114219418843464 -0.286181956295671 -0.515297116278216 2
HH0647-rgb_2017_2_4_21_0_1 6980 -0.7068595267044392 -0.5470405313268817 -0.4664829278108675 0.25463687931181284 -0.006746179425423586 0.8798668029056764 -0.8813048043704882 1
HH0647-rgb_2017_2_4_21_0_1 6980 -0.25301106154932756 -0.4749144264899787 0.5318023652277052 0.5874758174639992 0.20545182795608197 0.3801316203908132 0.07031518466941959 2
HH0647-rgb_2017_2_4_21_0_1 7320 -0.6060043122255255 -0.43885137407152724 0.5631770458660603 0.7142716034267369 0.20545182795608197 0.21355322621919218 1.0585359425185545 1
HH0647-rgb_2017_2_4_21_0_1 5245 nan nan nan nan nan nan nan 0
HH0647-rgb_2017_2_4_21_0_1 315 0.049554581887413574 -0.33066221681617275 0.6858235247250849 0.3972821385198927 -0.21894418680692912 0.21355322621919218 -0.29569250342285264 2
HH0647-rgb_2017_2_4_21_0_1 4615 -0.7068595267044392 -0.6912927410006877 -0.46363068411647157 0.06444320036770632 -0.6433402015699402 0.5467100145624343 1.131737480137009 1
HH0647-rgb_2017_2_4_21_0_1 4615 0.5538306542819821 -0.2945991643977212 -0.8600925576375047 -0.3951915237472177 -1.9165282458589736 0.3801316203908132 1.8271520875123264 1
HH0647-rgb_2017_2_4_21_0_1 4615 nan nan nan nan nan nan nan 0
HH0647-rgb_2017_2_4_21_0_1 6770 -0.6564319194649824 -0.43885137407152724 -0.4550739530332838 0.25463687931181284 0.629847842719093 0.0469748320475711 -0.9545063419889426 0
HH0647-rgb_2017_2_4_21_0_1 6770 -0.4042938832676981 -0.36672526923462423 0.534654608922101 0.6191747639546836 0.8420458501005986 -0.11960356212404996 0.5827259479986008 1
HH0647-rgb_2017_2_4_21_0_1 7485 -0.5051490977466118 -0.36672526923462423 0.5603248021716644 0.6667231836907103 1.054243857482104 0.7132884087340554 0.7291290232355097 1
HH0647-rgb_2017_2_4_21_0_1 3185 -0.4042938832676981 -0.43885137407152724 -0.7716730031112311 -0.1732988983124268 -0.006746179425423586 1.0464451970772974 -1.3937155676996693 2
HH0647-rgb_2017_2_4_21_0_1 3185 -0.7068595267044392 -0.6912927410006877 -0.4550739530332838 0.15954003983975956 -0.21894418680692912 -0.11960356212404996 -0.844704035561261 1
HH0647-rgb_2017_2_4_21_0_1 3185 -0.20258345430987068 -0.22247305956081823 0.5802905080324359 0.11199162010373294 -0.6433402015699402 0.3801316203908132 0.07031518466941959 1
HH0647-rgb_2017_2_4_21_0_1 3185 0.3521202253241547 1.1118598799218873 0.9967180874142404 1.0946589613149498 -1.4921322310959624 0.0469748320475711 0.6925282544262824 2
HH0647-rgb_2017_2_4_21_0_1 895 -0.10172823983095698 -0.18641000714236672 0.7571296170849829 0.6191747639546836 0.20545182795608197 -1.1190739271537764 0.18011749109710126 2
HH0647-rgb_2017_2_4_21_0_1 7650 -0.5051490977466118 -0.36672526923462423 0.5603248021716644 0.6667231836907103 0.4176498353375875 0.5467100145624343 0.5827259479986008 1
HH0647-rgb_2017_2_4_21_0_1 8205 -0.5051490977466118 -0.5470405313268817 0.5688815332548521 0.6667231836907103 0.4176498353375875 0.7132884087340554 -0.2224909658043982 2
HH0647-rgb_2017_2_4_21_0_1 3350 0.09998218912687043 0.6069771460635663 -0.73744607877848 -0.12575047857640018 -0.21894418680692912 -1.4522307154970184 -2.3819363255488044 2
HH0647-rgb_2017_2_4_21_0_1 3350 -1.0094251701411803 -0.6912927410006877 -0.46363068411647157 0.15954003983975956 0.629847842719093 -0.9524955329821553 -1.2107117236535332 0
HH0647-rgb_2017_2_4_21_0_1 3350 -0.0008730253520432782 -0.00609474505010922 0.574586020643644 0.06444320036770632 -0.43114219418843464 0.5467100145624343 -0.14928942818594376 2
HH0647-rgb_2017_2_4_21_0_1 6200 -0.7068595267044392 -0.5470405313268817 -0.47503965889405525 0.3021852990478394 -0.43114219418843464 -0.45276035046729207 -0.6983009603243521 1
HH0647-rgb_2017_2_4_21_0_1 2700 0.6042582615214389 -0.5109774789084303 0.6316308945315624 0.01689478063167969 -0.43114219418843464 -0.7859171388105343 -0.7715024979428066 2
HH0647-rgb_2017_2_4_21_0_1 2700 0.5034030470425253 0.4266618839713088 0.9938658437198445 1.031261068333581 -0.8555382089514458 1.5461803795921607 0.6559274856170552 2
HH0647-rgb_2017_2_4_21_0_1 4365 -0.7068595267044392 -0.6912927410006877 -0.4550739530332838 0.06444320036770632 -0.21894418680692912 0.0469748320475711 1.095136711327782 1
HH0647-rgb_2017_2_4_21_0_1 665 -0.0008730253520432782 -0.43885137407152724 0.7628341044737749 0.7142716034267369 -0.006746179425423586 -0.45276035046729207 0.10691595347864681 2
HH0647-rgb_2017_2_4_21_0_1 5090 nan nan nan nan nan nan nan 0
HH0647-rgb_2017_2_4_21_0_1 2715 -0.0008730253520432782 -0.7994818982560422 0.6344831382259584 0.01689478063167969 -0.8555382089514458 -0.6193387446389131 -0.5518978850874432 2
HH0647-rgb_2017_2_4_21_0_1 2715 0.4529754398030684 0.10209441220524529 1.0223882806638038 0.9995621218428966 -0.21894418680692912 -0.11960356212404996 2.3395628508415074 2
HH0647-rgb_2017_2_4_21_0_1 6215 -0.3538662760282413 -0.5470405313268817 -0.47503965889405525 0.3021852990478394 -0.8555382089514458 0.8798668029056764 -0.844704035561261 2
HH0647-rgb_2017_2_4_21_0_1 670 -0.0008730253520432782 -0.43885137407152724 0.7628341044737749 0.6667231836907103 0.20545182795608197 -0.7859171388105343 -0.5884986538966704 2
HH0647-rgb_2017_2_4_21_0_1 4370 -0.807714741183353 -0.6912927410006877 -0.4550739530332838 0.06444320036770632 -0.006746179425423586 -1.1190739271537764 0.8755320984724185 1
HH0647-rgb_2017_2_4_21_0_1 880 -0.0008730253520432782 -0.18641000714236672 0.7571296170849829 0.6191747639546836 -0.006746179425423586 -0.9524955329821553 0.32652056633401016 2
HH0647-rgb_2017_2_4_21_0_1 8210 -0.3034386687887844 -0.36672526923462423 0.5603248021716644 0.7142716034267369 1.2664418648636095 0.7132884087340554 0.7291290232355097 2
HH0647-rgb_2017_2_4_21_0_1 3345 0.09998218912687043 0.2824096742975028 -0.7488550535560637 -0.1732988983124268 0.4176498353375875 -0.7859171388105343 -2.674742476022622 2
HH0647-rgb_2017_2_4_21_0_1 3345 -0.9589975629017234 -0.6912927410006877 -0.46363068411647157 0.15954003983975956 -0.006746179425423586 -0.9524955329821553 -1.2839132612719877 0
HH0647-rgb_2017_2_4_21_0_1 3345 -0.10172823983095698 -0.2945991643977212 0.5831427517268317 0.01689478063167969 0.20545182795608197 -0.11960356212404996 -0.515297116278216 2
HH0647-rgb_2017_2_4_21_0_1 3345 0.251265010845241 -0.07822084988701222 1.0195360369694078 1.0471105415789232 0.8420458501005986 -0.45276035046729207 1.095136711327782 2
HH0647-rgb_2017_2_4_21_0_1 7645 -0.20258345430987068 -0.5109774789084303 0.574586020643644 0.6667231836907103 -0.006746179425423586 0.0469748320475711 -0.4786963474689887 2
HH0647-rgb_2017_2_4_21_0_1 3190 -0.6564319194649824 -0.5470405313268817 -0.7745252468056271 -0.1574494250670846 -0.006746179425423586 -0.45276035046729207 -1.686521718173487 0
HH0647-rgb_2017_2_4_21_0_1 3190 -0.7068595267044392 -0.5470405313268817 -0.44936946564449193 0.15954003983975956 -0.006746179425423586 -0.9524955329821553 -1.2839132612719877 0
HH0647-rgb_2017_2_4_21_0_1 3190 0.20083740360578414 -0.07822084988701222 0.5859949954212277 0.06444320036770632 -0.006746179425423586 0.3801316203908132 0.07031518466941959 2
HH0647-rgb_2017_2_4_21_0_1 3190 0.7555410832398095 0.2824096742975028 1.0223882806638038 0.9995621218428966 1.2664418648636095 1.3796019854205397 1.0585359425185545 2
HH0647-rgb_2017_2_4_21_0_1 7490 -0.3034386687887844 -0.43885137407152724 0.5631770458660603 0.6667231836907103 -0.21894418680692912 0.8798668029056764 0.6925282544262824 1
HH0647-rgb_2017_2_4_21_0_1 4600 -0.4042938832676981 -0.6912927410006877 -0.46363068411647157 0.06444320036770632 -0.6433402015699402 1.3796019854205397 0.6559274856170552 1
HH0647-rgb_2017_2_4_21_0_1 4600 0.20083740360578414 -0.5470405313268817 -0.8600925576375047 -0.3476431040111911 -0.006746179425423586 0.7132884087340554 2.119958237986144 1
HH0647-rgb_2017_2_4_21_0_1 4600 nan nan nan nan nan nan nan 0
HH0647-rgb_2017_2_4_21_0_1 300 0.049554581887413574 -0.33066221681617275 0.6858235247250849 0.3972821385198927 -0.43114219418843464 -0.11960356212404996 -0.29569250342285264 2
HH0647-rgb_2017_2_4_21_0_1 6765 -0.6564319194649824 -0.5470405313268817 -0.4579261967276797 0.25463687931181284 0.4176498353375875 0.7132884087340554 -0.3688940410413071 1
HH0647-rgb_2017_2_4_21_0_1 6765 -0.20258345430987068 -0.4027883216530757 0.537506852616497 0.6191747639546836 0.4176498353375875 -0.11960356212404996 0.5827259479986008 1
HH0647-rgb_2017_2_4_21_0_1 7335 -0.6060043122255255 -0.5470405313268817 0.5688815332548521 0.6667231836907103 0.4176498353375875 1.0464451970772974 0.9121328672816458 1
HH0647-rgb_2017_2_4_21_0_1 3635 nan nan nan nan nan nan nan 0
HH0647-rgb_2017_2_4_21_0_1 6995 -0.3538662760282413 -0.5470405313268817 -0.4664829278108675 0.3021852990478394 -0.006746179425423586 1.0464451970772974 -0.9911071107981698 2
HH0647-rgb_2017_2_4_21_0_1 6995 -0.10172823983095698 -0.11428390230546372 0.5289501215333092 0.6191747639546836 0.4176498353375875 0.0469748320475711 0.5461251791893735 2
HH0647-rgb_2017_2_4_21_0_1 5250 nan nan nan nan nan nan nan 0
HH0647-rgb_2017_2_4_21_0_1 1195 0.6042582615214389 -0.2945991643977212 0.7514251296961911 0.6191747639546836 -0.8555382089514458 -0.9524955329821553 -0.6617001915151248 2
HH0647-rgb_2017_2_4_21_0_1 6605 -0.6564319194649824 -0.5470405313268817 -0.4579261967276797 0.25463687931181284 0.4176498353375875 0.21355322621919218 -0.5884986538966704 1
HH0647-rgb_2017_2_4_21_0_1 6605 -0.20258345430987068 -0.5109774789084303 0.540359096310893 0.571626344218657 -0.21894418680692912 -0.11960356212404996 0.033714415860192366 2
HH0647-rgb_2017_2_4_21_0_1 260 0.3521202253241547 -0.18641000714236672 0.6886757684194809 0.3972821385198927 -1.0677362163329513 0.0469748320475711 -0.18589019699517098 2
HH0647-rgb_2017_2_4_21_0_1 4760 -0.6060043122255255 -0.8355449506744937 -0.4664829278108675 0.11199162010373294 -1.0677362163329513 0.8798668029056764 1.9735551627492351 1
HH0647-rgb_2017_2_4_21_0_1 4760 -1.0598527773806372 0.10209441220524529 -0.9884435238853212 -0.10990100533105798 1.2664418648636095 -1.6188091096686394 1.7173497810846448 0
HH0647-rgb_2017_2_4_21_0_1 4760 2.2179416931840583 3.2035169201920746 -0.22404221378721412 0.7142716034267369 0.629847842719093 -0.45276035046729207 1.278140555373918 2
HH0647-rgb_2017_2_4_21_0_1 1630 nan nan nan nan nan nan nan 0
HH0647-rgb_2017_2_4_21_0_1 4990 nan nan nan nan nan nan nan 0
HH0647-rgb_2017_2_4_21_0_1 5330 nan nan nan nan nan nan nan 0
HH0647-rgb_2017_2_4_21_0_1 3755 4.285473590001789 0.10209441220524529 -0.412290297617345 -0.014804165859004728 -0.6433402015699402 1.0464451970772974 2.1931597756045984 2
HH0647-rgb_2017_2_4_21_0_1 3755 nan nan nan nan nan nan nan 0
HH0647-rgb_2017_2_4_21_0_1 7255 -0.6060043122255255 -0.6191666361637848 0.5631770458660603 0.6191747639546836 -0.6433402015699402 0.5467100145624343 1.1683382489462364 1
HH0647-rgb_2017_2_4_21_0_1 3580 -0.3538662760282413 -0.43885137407152724 -0.8401268517767332 -0.20499784480311123 1.054243857482104 1.2130235912489185 -0.8081032667520337 2
HH0647-rgb_2017_2_4_21_0_1 3580 -0.9085699556622666 -0.8355449506744937 -0.483596389977243 0.06444320036770632 -0.21894418680692912 0.3801316203908132 -0.6250994227058976 1
HH0647-rgb_2017_2_4_21_0_1 3580 -0.3034386687887844 -0.43885137407152724 0.6287786508371666 0.11199162010373294 -0.006746179425423586 0.3801316203908132 0.18011749109710126 1
HH0647-rgb_2017_2_4_21_0_1 3580 0.1504097963663273 -0.43885137407152724 1.0309450117469914 1.0946589613149498 -0.43114219418843464 0.5467100145624343 0.18011749109710126 2
HH0647-rgb_2017_2_4_21_0_1 7080 -0.7068595267044392 -0.6912927410006877 -0.46363068411647157 0.25463687931181284 -0.006746179425423586 0.3801316203908132 -0.9911071107981698 1
HH0647-rgb_2017_2_4_21_0_1 7080 -0.25301106154932756 -0.4749144264899787 0.540359096310893 0.5874758174639992 0.20545182795608197 0.0469748320475711 0.7291290232355097 1
HH0647-rgb_2017_2_4_21_0_1 4210 -0.6060043122255255 -0.6912927410006877 -0.4550739530332838 0.15954003983975956 -0.006746179425423586 -0.6193387446389131 0.2533190287155557 1
HH0647-rgb_2017_2_4_21_0_1 710 -0.0008730253520432782 -0.2945991643977212 0.7599818607793789 0.6667231836907103 -0.006746179425423586 -0.6193387446389131 -0.11268865937671653 2
HH0647-rgb_2017_2_4_21_0_1 6375 -0.7068595267044392 -0.5470405313268817 -0.4664829278108675 0.2070884595757862 -0.21894418680692912 0.3801316203908132 -1.1009094172258516 1
HH0647-rgb_2017_2_4_21_0_1 2675 0.20083740360578414 -0.5831035837453332 0.6173696760595828 -0.030653639104346937 -0.8555382089514458 -0.286181956295671 -0.2224909658043982 2
HH0647-rgb_2017_2_4_21_0_1 2675 0.1504097963663273 0.5709140936451148 0.9796046252478648 1.0471105415789232 -2.128726253240479 -1.4522307154970184 0.7291290232355097 0
HH0647-rgb_2017_2_4_21_0_1 7725 -0.6060043122255255 -0.2945991643977212 0.5489158273940807 0.6667231836907103 -0.006746179425423586 0.3801316203908132 0.6925282544262824 1
HH0647-rgb_2017_2_4_21_0_1 2885 0.6042582615214389 -0.43885137407152724 0.6373353819203543 -0.030653639104346937 -0.43114219418843464 -0.11960356212404996 -0.03948712175826208 2
HH0647-rgb_2017_2_4_21_0_1 2885 0.7555410832398095 0.6430401984820178 1.0024225748030322 0.95201370210687 -0.006746179425423586 1.5461803795921607 0.6193267168078279 2
HH0647-rgb_2017_2_4_21_0_1 3225 -0.3034386687887844 0.1381574646236968 -0.7203326166121046 -0.1732988983124268 -0.21894418680692912 0.0469748320475711 -2.674742476022622 2
HH0647-rgb_2017_2_4_21_0_1 3225 -0.9085699556622666 -0.6552296885822362 -0.47218741519965934 0.15954003983975956 -0.006746179425423586 -0.7859171388105343 -1.1009094172258516 0
HH0647-rgb_2017_2_4_21_0_1 3225 0.20083740360578414 -0.07822084988701222 0.5859949954212277 0.06444320036770632 -0.006746179425423586 0.21355322621919218 -0.2224909658043982 2
HH0647-rgb_2017_2_4_21_0_1 3225 0.1504097963663273 0.5709140936451148 0.9796046252478648 0.95201370210687 -2.7653202753849957 -0.7859171388105343 1.4977451682292813 1
HH0647-rgb_2017_2_4_21_0_1 8370 -0.5051490977466118 -0.5470405313268817 0.5688815332548521 0.6667231836907103 -0.006746179425423586 0.8798668029056764 0.3631213351432374 1
HH0647-rgb_2017_2_4_21_0_1 5640 2.0666588714656875 4.177219335490265 -1.065454103634011 0.6191747639546836 -2.128726253240479 -2.784857868869987 2.3395628508415074 0
HH0647-rgb_2017_2_4_21_0_1 5130 nan nan nan nan nan nan nan 0
HH0647-rgb_2017_2_4_21_0_1 3555 0.3521202253241547 -0.25853611197926973 -0.81445665852717 -0.1574494250670846 0.629847842719093 0.3801316203908132 0.10691595347864681 2
HH0647-rgb_2017_2_4_21_0_1 3555 -0.7068595267044392 -0.6912927410006877 -0.43796049086690825 0.01689478063167969 0.20545182795608197 -0.7859171388105343 -0.515297116278216 1
HH0647-rgb_2017_2_4_21_0_1 3555 -0.3538662760282413 -0.43885137407152724 0.6287786508371666 0.11199162010373294 -0.006746179425423586 0.3801316203908132 -0.515297116278216 2
HH0647-rgb_2017_2_4_21_0_1 3555 0.4529754398030684 0.1381574646236968 1.0195360369694078 1.0946589613149498 -0.21894418680692912 -1.4522307154970184 0.802330560853964 2
HH0647-rgb_2017_2_4_21_0_1 7055 -0.6564319194649824 -0.5470405313268817 -0.4579261967276797 0.25463687931181284 0.20545182795608197 0.21355322621919218 -1.1375101860350787 1
HH0647-rgb_2017_2_4_21_0_1 7055 -0.20258345430987068 -0.22247305956081823 0.5318023652277052 0.571626344218657 0.4176498353375875 0.0469748320475711 0.3997221039524646 2
HH0647-rgb_2017_2_4_21_0_1 6405 -0.7068595267044392 -0.5470405313268817 -0.4664829278108675 0.25463687931181284 -0.006746179425423586 -0.286181956295671 -1.64992094936426 1
HH0647-rgb_2017_2_4_21_0_1 60 -0.05130063259150013 -0.33066221681617275 0.6858235247250849 0.34973371878386605 -1.0677362163329513 -0.286181956295671 -0.3688940410413071 2
HH0647-rgb_2017_2_4_21_0_1 4560 -0.6060043122255255 -0.5470405313268817 -0.4664829278108675 0.11199162010373294 -0.21894418680692912 0.21355322621919218 0.3997221039524646 1
HH0647-rgb_2017_2_4_21_0_1 4560 0.1504097963663273 -0.4027883216530757 -0.8800582634982761 -0.3951915237472177 -0.006746179425423586 0.3801316203908132 1.9735551627492351 1
HH0647-rgb_2017_2_4_21_0_1 935 -0.10172823983095698 -0.18641000714236672 0.7571296170849829 0.6191747639546836 -0.006746179425423586 -0.7859171388105343 0.5827259479986008 1
HH0647-rgb_2017_2_4_21_0_1 2850 0.4529754398030684 0.1381574646236968 0.611665188670791 0.06444320036770632 -0.006746179425423586 0.3801316203908132 -0.4786963474689887 2
HH0647-rgb_2017_2_4_21_0_1 2850 0.251265010845241 0.8594185129927268 0.9796046252478648 1.0471105415789232 -2.55312226800349 -1.2856523213253974 -0.25909173461362545 2
HH0647-rgb_2017_2_4_21_0_1 7900 -0.5051490977466118 -0.36672526923462423 0.5603248021716644 0.6667231836907103 0.4176498353375875 0.7132884087340554 0.6925282544262824 1
HH0647-rgb_2017_2_4_21_0_1 7525 -0.20258345430987068 -0.4027883216530757 0.5631770458660603 0.6667231836907103 -0.006746179425423586 0.7132884087340554 0.5461251791893735 2
HH0647-rgb_2017_2_4_21_0_1 3025 -0.3538662760282413 -0.43885137407152724 -0.7802297341944189 -0.1574494250670846 0.629847842719093 1.7127587737637817 -0.9911071107981698 2
HH0647-rgb_2017_2_4_21_0_1 3025 -0.7068595267044392 0.4266618839713088 0.2579869705656967 -1.2827620254863814 -0.006746179425423586 -0.7859171388105343 0.6925282544262824 0
HH0647-rgb_2017_2_4_21_0_1 3025 -0.3034386687887844 -0.43885137407152724 0.6287786508371666 0.11199162010373294 -0.006746179425423586 0.0469748320475711 0.32652056633401016 1
HH0647-rgb_2017_2_4_21_0_1 3025 0.251265010845241 -0.07822084988701222 1.0366494991357833 0.9995621218428966 1.2664418648636095 0.0469748320475711 1.2049390177554635 2
HH0647-rgb_2017_2_4_21_0_1 8170 -0.3034386687887844 -0.43885137407152724 0.5631770458660603 0.6667231836907103 0.20545182795608197 0.7132884087340554 0.10691595347864681 2
HH0647-rgb_2017_2_4_21_0_1 5440 nan nan nan nan nan nan nan 0
HH0647-rgb_2017_2_4_21_0_1 1140 -0.0008730253520432782 -0.2945991643977212 0.7514251296961911 0.571626344218657 -0.43114219418843464 0.0469748320475711 -0.3688940410413071 2
HH0647-rgb_2017_2_4_21_0_1 4010 -0.7068595267044392 -0.5831035837453332 -0.42655151608932457 0.15954003983975956 2.1152338943896316 -1.2856523213253974 -0.515297116278216 0
HH0647-rgb_2017_2_4_21_0_1 510 0.049554581887413574 -0.33066221681617275 0.6858235247250849 0.3972821385198927 -0.6433402015699402 -0.11960356212404996 -0.0760878905674893 2
HH0647-rgb_2017_2_4_21_0_1 6175 -0.6564319194649824 -0.5470405313268817 -0.4664829278108675 0.25463687931181284 1.054243857482104 -0.45276035046729207 -0.0028863529490348577 1
HH0647-rgb_2017_2_4_21_0_1 2475 -0.0008730253520432782 -0.4027883216530757 0.6230741634483746 0.01689478063167969 -0.8555382089514458 0.0469748320475711 -0.0760878905674893 2
HH0647-rgb_2017_2_4_21_0_1 2475 0.30169261808469783 -0.11428390230546372 1.0052748184974283 0.8569168626348167 0.4176498353375875 1.8793371679354027 0.43632287276169185 2
HH0647-rgb_2017_2_4_21_0_1 3780 -0.6564319194649824 -0.6912927410006877 -0.39517683545096943 0.11199162010373294 1.2664418648636095 -0.286181956295671 -0.5884986538966704 1
HH0647-rgb_2017_2_4_21_0_1 3780 nan nan nan nan nan nan nan 0
HH0647-rgb_2017_2_4_21_0_1 6820 -0.3538662760282413 -0.5470405313268817 -0.4579261967276797 0.25463687931181284 0.20545182795608197 0.5467100145624343 -0.7349017291335793 2
HH0647-rgb_2017_2_4_21_0_1 6820 -0.25301106154932756 -0.43885137407152724 0.537506852616497 0.6350242372000258 0.8420458501005986 0.3801316203908132 0.5461251791893735 2
HH0647-rgb_2017_2_4_21_0_1 7280 -0.6060043122255255 -0.6191666361637848 0.5631770458660603 0.6191747639546836 -0.8555382089514458 0.21355322621919218 1.1683382489462364 1
HH0647-rgb_2017_2_4_21_0_1 4945 nan nan nan nan nan nan nan 0
HH0647-rgb_2017_2_4_21_0_1 1815 nan nan nan nan nan nan nan 0
HH0647-rgb_2017_2_4_21_0_1 3970 -0.45472149050715494 -0.5470405313268817 -0.4579261967276797 0.2070884595757862 -0.43114219418843464 -0.9524955329821553 0.3631213351432374 1
HH0647-rgb_2017_2_4_21_0_1 1020 0.3521202253241547 -0.18641000714236672 0.7571296170849829 0.6350242372000258 -0.8555382089514458 -0.6193387446389131 -0.2224909658043982 2
HH0647-rgb_2017_2_4_21_0_1 5520 nan nan nan nan nan nan nan 0
HH0647-rgb_2017_2_4_21_0_1 8010 -0.4042938832676981 -0.36672526923462423 0.5603248021716644 0.6667231836907103 -0.006746179425423586 1.2130235912489185 0.4729236415709191 1
HH0647-rgb_2017_2_4_21_0_1 3145 -0.4042938832676981 -0.2945991643977212 -0.7773774905000229 -0.1732988983124268 -0.006746179425423586 0.7132884087340554 -1.3937155676996693 2
HH0647-rgb_2017_2_4_21_0_1 3145 -0.7572871339438961 -0.5470405313268817 -0.4664829278108675 0.15954003983975956 -0.006746179425423586 -0.9524955329821553 -0.9179055731797154 0
HH0647-rgb_2017_2_4_21_0_1 3145 -0.0008730253520432782 -0.33066221681617275 0.5945517265044155 0.06444320036770632 0.4176498353375875 0.5467100145624343 -0.9179055731797154 2
HH0647-rgb_2017_2_4_21_0_1 3145 0.5538306542819821 0.06603135978679378 1.013831549580616 1.0471105415789232 -0.006746179425423586 0.5467100145624343 0.8755320984724185 2
HH0647-rgb_2017_2_4_21_0_1 7445 -0.3034386687887844 -0.43885137407152724 0.5631770458660603 0.6667231836907103 -0.006746179425423586 0.5467100145624343 0.32652056633401016 2
HH0647-rgb_2017_2_4_21_0_1 2515 0.30169261808469783 -0.6552296885822362 0.6287786508371666 0.01689478063167969 -0.6433402015699402 -0.6193387446389131 -0.9179055731797154 2
HH0647-rgb_2017_2_4_21_0_1 2515 -0.10172823983095698 0.8954815654111783 0.9710478941646772 1.269003167013714 0.629847842719093 1.2130235912489185 -0.40549480985053427 2
HH0647-rgb_2017_2_4_21_0_1 470 0.3521202253241547 -0.33066221681617275 0.6858235247250849 0.3972821385198927 -0.8555382089514458 -0.7859171388105343 -0.9179055731797154 2
HH0647-rgb_2017_2_4_21_0_1 4170 -0.7068595267044392 -0.5470405313268817 -0.4579261967276797 0.15954003983975956 0.20545182795608197 -1.7853875038402607 -0.18589019699517098 0
HH0647-rgb_2017_2_4_21_0_1 5285 nan nan nan nan nan nan nan 0
HH0647-rgb_2017_2_4_21_0_1 1785 nan nan nan nan nan nan nan 0
HH0647-rgb_2017_2_4_21_0_1 6940 -0.3538662760282413 -0.5470405313268817 -0.4664829278108675 0.3021852990478394 -0.006746179425423586 1.0464451970772974 -0.9911071107981698 2
HH0647-rgb_2017_2_4_21_0_1 6940 0.049554581887413574 -0.22247305956081823 0.5318023652277052 0.6350242372000258 0.629847842719093 -0.11960356212404996 0.6193267168078279 2
HH0647-rgb_2017_2_4_21_0_1 3810 -0.4042938832676981 -0.4027883216530757 -0.39517683545096943 0.11199162010373294 1.054243857482104 -0.6193387446389131 -0.7715024979428066 1
HH0647-rgb_2017_2_4_21_0_1 7135 -0.7068595267044392 -0.5470405313268817 -0.47503965889405525 0.3021852990478394 -0.43114219418843464 -0.286181956295671 -0.6617001915151248 1
HH0647-rgb_2017_2_4_21_0_1 7135 -0.10172823983095698 -0.11428390230546372 0.5289501215333092 0.6191747639546836 0.20545182795608197 0.3801316203908132 0.43632287276169185 2
HH0647-rgb_2017_2_4_21_0_1 3435 -0.05130063259150013 -0.2945991643977212 -0.8429790954711291 -0.1574494250670846 0.629847842719093 0.8798668029056764 -1.027707879607397 2
HH0647-rgb_2017_2_4_21_0_1 3435 -0.7068595267044392 -0.6912927410006877 -0.446517221950096 -0.030653639104346937 -0.21894418680692912 -0.11960356212404996 -0.4420955786597615 1
HH0647-rgb_2017_2_4_21_0_1 3435 0.6042582615214389 0.06603135978679378 0.5974039701988114 0.06444320036770632 -0.006746179425423586 0.3801316203908132 -0.5518978850874432 2
HH0647-rgb_2017_2_4_21_0_1 3435 0.1504097963663273 0.2824096742975028 0.9910136000254486 0.95201370210687 -0.21894418680692912 2.379072350450266 1.0585359425185545 2
HH0647-rgb_2017_2_4_21_0_1 5050 nan nan nan nan nan nan nan 0
HH0647-rgb_2017_2_4_21_0_1 4400 -0.6060043122255255 -0.6912927410006877 -0.46363068411647157 0.15954003983975956 -0.43114219418843464 -0.7859171388105343 1.0219351737093274 1
HH0647-rgb_2017_2_4_21_0_1 100 0.251265010845241 -0.33066221681617275 0.6858235247250849 0.34973371878386605 -0.8555382089514458 -0.45276035046729207 -0.515297116278216 2
HH0647-rgb_2017_2_4_21_0_1 6565 -0.6564319194649824 -0.5470405313268817 -0.44936946564449193 0.25463687931181284 0.4176498353375875 -0.45276035046729207 -1.2473124924627603 1
HH0647-rgb_2017_2_4_21_0_1 6565 -0.10172823983095698 -0.11428390230546372 0.5203933904501215 0.6191747639546836 -0.006746179425423586 0.0469748320475711 0.5827259479986008 2
HH0647-rgb_2017_2_4_21_0_1 3390 0.09998218912687043 0.6430401984820178 -0.7460028098616678 -0.12575047857640018 -0.006746179425423586 -1.6188091096686394 -2.5649401695949403 2
HH0647-rgb_2017_2_4_21_0_1 3390 -0.3538662760282413 -0.43885137407152724 -0.4550739530332838 0.11199162010373294 0.4176498353375875 0.3801316203908132 -0.0028863529490348577 1
HH0647-rgb_2017_2_4_21_0_1 3390 0.30169261808469783 -0.1503469547239152 0.6031084575876032 0.06444320036770632 0.20545182795608197 0.3801316203908132 -0.4786963474689887 2
HH0647-rgb_2017_2_4_21_0_1 3390 0.09998218912687043 0.7151663033189208 0.976752381553469 1.1263579078056343 -0.21894418680692912 -1.2856523213253974 0.2899197975247829 2
HH0647-rgb_2017_2_4_21_0_1 7690 -0.20258345430987068 -0.1503469547239152 0.5546203147828725 0.6667231836907103 0.20545182795608197 0.7132884087340554 0.2899197975247829 2
HH0647-rgb_2017_2_4_21_0_1 2930 0.09998218912687043 0.02996830736834228 0.6002562138932073 0.06444320036770632 -0.006746179425423586 0.3801316203908132 0.7291290232355097 2
HH0647-rgb_2017_2_4_21_0_1 2930 0.049554581887413574 0.7151663033189208 0.9596389193870934 1.1422073810509765 0.20545182795608197 -0.7859171388105343 0.2533190287155557 2
HH0647-rgb_2017_2_4_21_0_1 855 -0.10172823983095698 -0.18641000714236672 0.7571296170849829 0.6191747639546836 -0.21894418680692912 -0.9524955329821553 0.32652056633401016 2
HH0647-rgb_2017_2_4_21_0_1 5905 5.445308556509297 8.973605307144314 1.4730427843783593 0.11199162010373294 -0.8555382089514458 -1.4522307154970184 0.07031518466941959 2
HH0647-rgb_2017_2_4_21_0_1 7860 -0.7572871339438961 -0.5470405313268817 0.5603248021716644 0.6825726569360524 0.629847842719093 0.21355322621919218 -0.11268865937671653 1
HH0647-rgb_2017_2_4_21_0_1 5910 6.1512950578616925 8.901479202307412 1.4331113726568165 0.2070884595757862 -0.8555382089514458 -2.6182794746983657 1.4611443994200541 2
HH0647-rgb_2017_2_4_21_0_1 7875 -0.5051490977466118 -0.36672526923462423 0.5603248021716644 0.6667231836907103 -0.006746179425423586 0.5467100145624343 0.14351672228787404 1
HH0647-rgb_2017_2_4_21_0_1 7685 -0.3034386687887844 -0.43885137407152724 0.5631770458660603 0.6667231836907103 -0.006746179425423586 0.21355322621919218 -0.4786963474689887 2
HH0647-rgb_2017_2_4_21_0_1 2925 -0.0008730253520432782 0.3184727267159543 0.5888472391156236 0.06444320036770632 -0.6433402015699402 0.3801316203908132 1.1683382489462364 1
HH0647-rgb_2017_2_4_21_0_1 2925 0.40254783256361154 0.8594185129927268 0.9539344319983016 1.0788094880696077 -1.0677362163329513 -0.9524955329821553 -0.0028863529490348577 2
HH0647-rgb_2017_2_4_21_0_1 3385 0.251265010845241 0.5709140936451148 -0.7488550535560637 -0.10990100533105798 -0.21894418680692912 -1.7853875038402607 -2.638141707213395 2
HH0647-rgb_2017_2_4_21_0_1 3385 -0.4042938832676981 -0.5470405313268817 -0.44081273456130415 0.11199162010373294 -0.21894418680692912 0.0469748320475711 -0.8081032667520337 1
HH0647-rgb_2017_2_4_21_0_1 3385 0.09998218912687043 -0.00609474505010922 0.5916994828100195 0.06444320036770632 -0.43114219418843464 0.3801316203908132 -0.03948712175826208 2
HH0647-rgb_2017_2_4_21_0_1 3385 0.4529754398030684 0.5348510412266633 0.9910136000254486 1.0946589613149498 -0.6433402015699402 -1.2856523213253974 1.6441482434661903 2
HH0647-rgb_2017_2_4_21_0_1 840 -0.4042938832676981 -0.43885137407152724 0.7542773733905871 0.6191747639546836 0.4176498353375875 -0.11960356212404996 0.033714415860192366 1
HH0647-rgb_2017_2_4_21_0_1 115 -0.05130063259150013 -0.33066221681617275 0.6858235247250849 0.34973371878386605 -0.6433402015699402 -0.11960356212404996 -0.6983009603243521 2
HH0647-rgb_2017_2_4_21_0_1 4415 -0.6564319194649824 -0.6912927410006877 -0.46363068411647157 0.15954003983975956 -0.006746179425423586 -1.1190739271537764 0.6925282544262824 1
HH0647-rgb_2017_2_4_21_0_1 4415 nan nan nan nan nan nan nan 0
HH0647-rgb_2017_2_4_21_0_1 6570 -0.6564319194649824 -0.5470405313268817 -0.44936946564449193 0.25463687931181284 -0.006746179425423586 -0.286181956295671 -1.027707879607397 1
HH0647-rgb_2017_2_4_21_0_1 6570 -0.20258345430987068 -0.4027883216530757 0.5289501215333092 0.6191747639546836 0.629847842719093 -0.11960356212404996 0.07031518466941959 2
HH0647-rgb_2017_2_4_21_0_1 3420 1.1589619411554644 0.4627249363897603 -0.808752171138378 -0.20499784480311123 -0.006746179425423586 0.3801316203908132 -1.7597232557919416 2
HH0647-rgb_2017_2_4_21_0_1 3420 -0.25301106154932756 -0.5470405313268817 -0.44936946564449193 -0.014804165859004728 -0.006746179425423586 0.0469748320475711 0.5095244103801463 1
HH0647-rgb_2017_2_4_21_0_1 3420 0.251265010845241 -0.1503469547239152 0.5945517265044155 0.06444320036770632 0.4176498353375875 0.3801316203908132 -0.40549480985053427 2
HH0647-rgb_2017_2_4_21_0_1 7120 -0.3538662760282413 -0.5470405313268817 -0.47503965889405525 0.3021852990478394 -0.6433402015699402 0.5467100145624343 -0.40549480985053427 1
HH0647-rgb_2017_2_4_21_0_1 7120 -0.05130063259150013 -0.22247305956081823 0.5318023652277052 0.5874758174639992 -0.006746179425423586 0.3801316203908132 0.4729236415709191 2
HH0647-rgb_2017_2_4_21_0_1 5045 nan nan nan nan nan nan nan 0
HH0647-rgb_2017_2_4_21_0_1 3805 -0.9085699556622666 -1.1240493700221057 -0.4179947850061368 0.06444320036770632 0.8420458501005986 0.3801316203908132 1.5343459370385086 1
HH0647-rgb_2017_2_4_21_0_1 1790 nan nan nan nan nan nan nan 0
HH0647-rgb_2017_2_4_21_0_1 5290 nan nan nan nan nan nan nan 0
HH0647-rgb_2017_2_4_21_0_1 6955 -0.7068595267044392 -0.5470405313268817 -0.4664829278108675 0.25463687931181284 -0.006746179425423586 0.5467100145624343 -0.5884986538966704 1
HH0647-rgb_2017_2_4_21_0_1 6955 -0.10172823983095698 -0.11428390230546372 0.5289501215333092 0.6191747639546836 0.4176498353375875 -0.11960356212404996 0.43632287276169185 2
HH0647-rgb_2017_2_4_21_0_1 4165 -0.7068595267044392 -0.5470405313268817 -0.4579261967276797 0.15954003983975956 -0.006746179425423586 -1.6188091096686394 -0.18589019699517098 1
HH0647-rgb_2017_2_4_21_0_1 465 0.3521202253241547 -0.18641000714236672 0.6886757684194809 0.34973371878386605 -0.8555382089514458 -0.9524955329821553 -0.7715024979428066 2
HH0647-rgb_2017_2_4_21_0_1 1035 0.3521202253241547 -0.18641000714236672 0.7571296170849829 0.6350242372000258 -0.8555382089514458 -0.6193387446389131 -0.03948712175826208 2
HH0647-rgb_2017_2_4_21_0_1 7450 -0.5051490977466118 -0.5470405313268817 0.5688815332548521 0.6667231836907103 0.4176498353375875 0.5467100145624343 0.5827259479986008 1
HH0647-rgb_2017_2_4_21_0_1 8005 -0.4042938832676981 -0.36672526923462423 0.5603248021716644 0.6667231836907103 0.4176498353375875 0.7132884087340554 0.5461251791893735 1
HH0647-rgb_2017_2_4_21_0_1 3150 -0.4042938832676981 -0.43885137407152724 -0.7802297341944189 -0.1732988983124268 0.8420458501005986 1.5461803795921607 -0.9911071107981698 2
HH0647-rgb_2017_2_4_21_0_1 3150 -0.8581423484228098 -0.6912927410006877 -0.46363068411647157 0.15954003983975956 -0.006746179425423586 -0.7859171388105343 -1.174110954844306 0
HH0647-rgb_2017_2_4_21_0_1 3150 0.30169261808469783 0.17422051704214828 0.5774382643380399 0.06444320036770632 -0.21894418680692912 0.3801316203908132 0.07031518466941959 2
HH0647-rgb_2017_2_4_21_0_1 3150 0.5538306542819821 0.06603135978679378 1.013831549580616 1.0471105415789232 -0.006746179425423586 0.3801316203908132 0.3631213351432374 2
HH0647-rgb_2017_2_4_21_0_1 1800 nan nan nan nan nan nan nan 0
HH0647-rgb_2017_2_4_21_0_1 3965 -0.6060043122255255 -0.5470405313268817 -0.4579261967276797 0.2070884595757862 0.629847842719093 -1.7853875038402607 0.033714415860192366 1
HH0647-rgb_2017_2_4_21_0_1 3795 3.2264938379731953 -0.22247305956081823 -0.39517683545096943 0.06444320036770632 -2.3409242606219847 0.5467100145624343 1.1683382489462364 2
HH0647-rgb_2017_2_4_21_0_1 3795 nan nan nan nan nan nan nan 0
HH0647-rgb_2017_2_4_21_0_1 6835 -0.6060043122255255 -0.5470405313268817 -0.4579261967276797 0.3021852990478394 -0.006746179425423586 -0.9524955329821553 -0.8081032667520337 1
HH0647-rgb_2017_2_4_21_0_1 6835 -0.05130063259150013 -0.5109774789084303 0.540359096310893 0.6350242372000258 -0.006746179425423586 0.21355322621919218 0.18011749109710126 2
HH0647-rgb_2017_2_4_21_0_1 4950 nan nan nan nan nan nan nan 0
HH0647-rgb_2017_2_4_21_0_1 505 0.049554581887413574 -0.33066221681617275 0.6858235247250849 0.3972821385198927 -0.43114219418843464 0.21355322621919218 -0.5884986538966704 2
HH0647-rgb_2017_2_4_21_0_1 4005 -0.7068595267044392 -0.5831035837453332 -0.42655151608932457 0.15954003983975956 1.903035887008126 -1.1190739271537764 -0.4786963474689887 0
HH0647-rgb_2017_2_4_21_0_1 2460 0.30169261808469783 -0.6191666361637848 0.6287786508371666 0.06444320036770632 -0.8555382089514458 -0.286181956295671 -0.40549480985053427 2
HH0647-rgb_2017_2_4_21_0_1 2460 -0.05130063259150013 0.02996830736834228 0.9653434067758853 0.8569168626348167 0.8420458501005986 0.3801316203908132 1.2415397865646907 2
HH0647-rgb_2017_2_4_21_0_1 6160 -0.6564319194649824 -0.6912927410006877 -0.46363068411647157 0.25463687931181284 0.629847842719093 0.21355322621919218 -0.6250994227058976 1
HH0647-rgb_2017_2_4_21_0_1 3030 -0.4042938832676981 -0.2945991643977212 -0.7773774905000229 -0.1732988983124268 -0.006746179425423586 0.5467100145624343 -1.3937155676996693 2
HH0647-rgb_2017_2_4_21_0_1 3030 -0.7068595267044392 0.21028356946059978 0.18382863451140272 -1.2827620254863814 -0.006746179425423586 -1.4522307154970184 0.4729236415709191 0
HH0647-rgb_2017_2_4_21_0_1 3030 -0.3538662760282413 -0.43885137407152724 0.6373353819203543 0.11199162010373294 -0.006746179425423586 0.21355322621919218 -0.844704035561261 2
HH0647-rgb_2017_2_4_21_0_1 3030 0.4529754398030684 -0.2945991643977212 1.0337972554413875 0.9995621218428966 -0.006746179425423586 0.0469748320475711 0.033714415860192366 2
HH0647-rgb_2017_2_4_21_0_1 8165 -0.5051490977466118 -0.5470405313268817 0.5688815332548521 0.6667231836907103 -0.006746179425423586 0.5467100145624343 -0.03948712175826208 1
HH0647-rgb_2017_2_4_21_0_1 7530 -0.4042938832676981 -0.36672526923462423 0.5603248021716644 0.6667231836907103 0.629847842719093 1.2130235912489185 0.7291290232355097 1
HH0647-rgb_2017_2_4_21_0_1 1155 0.40254783256361154 -0.2945991643977212 0.7514251296961911 0.571626344218657 -0.8555382089514458 -0.6193387446389131 -0.4420955786597615 2
HH0647-rgb_2017_2_4_21_0_1 7915 -0.5051490977466118 -0.36672526923462423 0.5603248021716644 0.6667231836907103 0.629847842719093 1.0464451970772974 0.7291290232355097 1
HH0647-rgb_2017_2_4_21_0_1 5680 nan nan nan nan nan nan nan 0
HH0647-rgb_2017_2_4_21_0_1 920 0.3521202253241547 -0.18641000714236672 0.7571296170849829 0.6350242372000258 -0.6433402015699402 -0.286181956295671 -0.2224909658043982 2
HH0647-rgb_2017_2_4_21_0_1 2845 0.6042582615214389 0.06603135978679378 0.6145174323651869 0.11199162010373294 -0.006746179425423586 0.5467100145624343 -0.4786963474689887 2
HH0647-rgb_2017_2_4_21_0_1 2845 0.5538306542819821 1.0397337750849842 0.9824568689422608 1.0471105415789232 -2.55312226800349 -0.9524955329821553 -0.4420955786597615 2
HH0647-rgb_2017_2_4_21_0_1 6410 -0.45472149050715494 -0.5470405313268817 -0.47503965889405525 0.3021852990478394 0.20545182795608197 0.3801316203908132 -0.5518978850874432 1
HH0647-rgb_2017_2_4_21_0_1 4575 -0.5051490977466118 -0.5470405313268817 -0.4664829278108675 0.11199162010373294 -0.21894418680692912 0.3801316203908132 0.5461251791893735 1
HH0647-rgb_2017_2_4_21_0_1 4575 0.6042582615214389 -0.36672526923462423 -0.8572403139431087 -0.3951915237472177 -2.128726253240479 0.8798668029056764 1.607547474656963 1
HH0647-rgb_2017_2_4_21_0_1 75 0.251265010845241 -0.33066221681617275 0.6858235247250849 0.34973371878386605 -0.6433402015699402 -0.6193387446389131 -0.29569250342285264 2
HH0647-rgb_2017_2_4_21_0_1 7040 -0.6564319194649824 -0.5470405313268817 -0.4579261967276797 0.25463687931181284 0.4176498353375875 -0.286181956295671 -1.2473124924627603 1
HH0647-rgb_2017_2_4_21_0_1 7040 -0.05130063259150013 -0.22247305956081823 0.5318023652277052 0.5874758174639992 -0.21894418680692912 0.21355322621919218 0.5461251791893735 2
HH0647-rgb_2017_2_4_21_0_1 3540 0.049554581887413574 -0.36672526923462423 -0.811604414832774 -0.10990100533105798 0.8420458501005986 1.2130235912489185 -0.6983009603243521 2
HH0647-rgb_2017_2_4_21_0_1 3540 -1.0094251701411803 -0.8355449506744937 -0.483596389977243 0.06444320036770632 -0.006746179425423586 -0.6193387446389131 -0.5518978850874432 0
HH0647-rgb_2017_2_4_21_0_1 3540 -0.3034386687887844 -0.2945991643977212 0.6430398693091461 0.15954003983975956 0.4176498353375875 -0.7859171388105343 0.7291290232355097 1
HH0647-rgb_2017_2_4_21_0_1 3540 0.3521202253241547 0.1381574646236968 1.0280927680525955 1.0471105415789232 0.4176498353375875 2.212493956278645 1.607547474656963 2
HH0647-rgb_2017_2_4_21_0_1 6305 -0.45472149050715494 -0.5470405313268817 -0.483596389977243 0.34973371878386605 -0.43114219418843464 0.3801316203908132 -0.25909173461362545 1
HH0647-rgb_2017_2_4_21_0_1 2605 0.5034030470425253 -0.2945991643977212 0.608812944976395 0.01689478063167969 -1.0677362163329513 -0.7859171388105343 0.18011749109710126 2
HH0647-rgb_2017_2_4_21_0_1 2605 0.7051134760003527 0.6430401984820178 0.9938658437198445 1.031261068333581 -0.8555382089514458 0.21355322621919218 1.9735551627492351 2
HH0647-rgb_2017_2_4_21_0_1 4260 -0.7068595267044392 -0.6912927410006877 -0.4294037597837205 -0.030653639104346937 0.20545182795608197 2.212493956278645 -0.4786963474689887 1
HH0647-rgb_2017_2_4_21_0_1 760 -0.0008730253520432782 -0.2945991643977212 0.7599818607793789 0.6191747639546836 0.4176498353375875 -0.286181956295671 -0.33229327223207983 2
HH0647-rgb_2017_2_4_21_0_1 5630 1.7136656207894898 4.646039016930135 -0.9884435238853212 0.7459705499174213 -1.704330238477468 -2.2851226863551237 2.3761636196507347 0
HH0647-rgb_2017_2_4_21_0_1 990 -0.10172823983095698 -0.2945991643977212 0.7599818607793789 0.6191747639546836 -0.006746179425423586 -0.286181956295671 0.14351672228787404 2
HH0647-rgb_2017_2_4_21_0_1 7755 -0.3034386687887844 -0.43885137407152724 0.5631770458660603 0.6667231836907103 -0.21894418680692912 0.3801316203908132 0.5095244103801463 1
HH0647-rgb_2017_2_4_21_0_1 8300 -0.3034386687887844 -0.43885137407152724 0.5631770458660603 0.6667231836907103 -0.006746179425423586 0.7132884087340554 -0.03948712175826208 2
HH0647-rgb_2017_2_4_21_0_1 3255 -0.807714741183353 0.06603135978679378 -0.7231848603065004 -0.12575047857640018 -1.2799342237144569 -1.6188091096686394 -2.015928637456532 0
HH0647-rgb_2017_2_4_21_0_1 3255 -0.7068595267044392 -0.5470405313268817 -0.4664829278108675 0.2070884595757862 0.20545182795608197 -1.2856523213253974 -1.3571147988904422 0
HH0647-rgb_2017_2_4_21_0_1 3255 -0.20258345430987068 -0.25853611197926973 0.5831427517268317 0.06444320036770632 -0.21894418680692912 0.5467100145624343 -0.40549480985053427 2
HH0647-rgb_2017_2_4_21_0_1 3255 0.1504097963663273 0.5709140936451148 0.9796046252478648 0.95201370210687 -2.3409242606219847 0.0469748320475711 1.753950549893872 1
HH0647-rgb_2017_2_4_21_0_1 210 0.3521202253241547 -0.18641000714236672 0.6886757684194809 0.3972821385198927 -0.6433402015699402 0.0469748320475711 -0.515297116278216 2
HH0647-rgb_2017_2_4_21_0_1 4710 0.4529754398030684 -0.2945991643977212 -0.8686492887206925 -0.3000946842751645 0.4176498353375875 0.5467100145624343 2.119958237986144 1
HH0647-rgb_2017_2_4_21_0_1 6675 -0.7068595267044392 -0.6912927410006877 -0.4950053647548267 0.3021852990478394 -0.43114219418843464 0.3801316203908132 -0.40549480985053427 1
HH0647-rgb_2017_2_4_21_0_1 6675 -0.20258345430987068 -0.5109774789084303 0.540359096310893 0.571626344218657 -0.6433402015699402 0.21355322621919218 0.10691595347864681 2
HH0647-rgb_2017_2_4_21_0_1 3725 -0.6564319194649824 -0.5470405313268817 -0.44936946564449193 0.15954003983975956 -0.43114219418843464 -1.4522307154970184 -0.2224909658043982 1
HH0647-rgb_2017_2_4_21_0_1 3725 nan nan nan nan nan nan nan 0
HH0647-rgb_2017_2_4_21_0_1 6885 -0.6564319194649824 -0.6912927410006877 -0.46363068411647157 0.3021852990478394 0.20545182795608197 0.3801316203908132 -0.6983009603243521 1
HH0647-rgb_2017_2_4_21_0_1 6885 -0.05130063259150013 -0.5109774789084303 0.540359096310893 0.6350242372000258 -0.21894418680692912 0.3801316203908132 0.5461251791893735 2
HH0647-rgb_2017_2_4_21_0_1 1640 nan nan nan nan nan nan nan 0
HH0647-rgb_2017_2_4_21_0_1 5340 nan nan nan nan nan nan nan 0
HH0647-rgb_2017_2_4_21_0_1 7580 -0.5051490977466118 -0.36672526923462423 0.5603248021716644 0.6667231836907103 -0.006746179425423586 0.7132884087340554 0.6559274856170552 1
HH0647-rgb_2017_2_4_21_0_1 3080 -0.6564319194649824 -0.5470405313268817 -0.7745252468056271 -0.1574494250670846 -0.006746179425423586 0.0469748320475711 -1.5767194117458054 1
HH0647-rgb_2017_2_4_21_0_1 3080 -1.81626688597249 -0.18641000714236672 -0.412290297617345 -1.0608694000515906 -1.0677362163329513 -2.2851226863551237 1.095136711327782 0
HH0647-rgb_2017_2_4_21_0_1 3080 -0.0008730253520432782 -0.2945991643977212 0.6259264071427706 0.11199162010373294 -0.43114219418843464 0.21355322621919218 -0.18589019699517098 2
HH0647-rgb_2017_2_4_21_0_1 3080 0.251265010845241 -0.11428390230546372 1.0223882806638038 1.0946589613149498 0.629847842719093 0.21355322621919218 1.3147413241831452 2
HH0647-rgb_2017_2_4_21_0_1 6715 -0.3538662760282413 -0.43885137407152724 -0.4550739530332838 0.25463687931181284 -0.006746179425423586 0.8798668029056764 -0.6250994227058976 2
HH0647-rgb_2017_2_4_21_0_1 6715 -0.20258345430987068 -0.43885137407152724 0.537506852616497 0.6191747639546836 1.054243857482104 -0.11960356212404996 0.2533190287155557 2
HH0647-rgb_2017_2_4_21_0_1 4670 -0.3538662760282413 -0.5470405313268817 -0.44936946564449193 0.15954003983975956 -1.4921322310959624 1.3796019854205397 1.3513420929923725 1
HH0647-rgb_2017_2_4_21_0_1 4670 0.251265010845241 -0.11428390230546372 -0.8743537761094843 -0.25254626453913787 -0.43114219418843464 2.712229138793508 2.4859659260784164 1
HH0647-rgb_2017_2_4_21_0_1 4670 nan nan nan nan nan nan nan 0
HH0647-rgb_2017_2_4_21_0_1 370 0.3521202253241547 -0.18641000714236672 0.6886757684194809 0.34973371878386605 -0.6433402015699402 -1.1190739271537764 -1.1009094172258516 2
HH0647-rgb_2017_2_4_21_0_1 5220 nan nan nan nan nan nan nan 0
HH0647-rgb_2017_2_4_21_0_1 7345 -0.6060043122255255 -0.5109774789084303 0.5660292895604563 0.7142716034267369 0.8420458501005986 0.7132884087340554 0.8389313296631913 1
HH0647-rgb_2017_2_4_21_0_1 3645 -0.7068595267044392 -0.43885137407152724 -0.446517221950096 0.11199162010373294 0.20545182795608197 -2.2851226863551237 0.32652056633401016 0
HH0647-rgb_2017_2_4_21_0_1 1085 0.40254783256361154 -0.18641000714236672 0.7571296170849829 0.6667231836907103 -0.43114219418843464 -0.6193387446389131 0.07031518466941959 2
HH0647-rgb_2017_2_4_21_0_1 5585 8.319682169158337 5.8721827991574855 -0.29534830614711216 4.391349396346129 nan nan nan 0
HH0647-rgb_2017_2_4_21_0_1 600 -0.10172823983095698 -0.33066221681617275 0.7685385918625667 0.7142716034267369 -0.006746179425423586 -0.7859171388105343 0.4729236415709191 2
HH0647-rgb_2017_2_4_21_0_1 4300 -0.5051490977466118 -0.5470405313268817 -0.43225600347811644 -0.030653639104346937 -0.006746179425423586 2.545650744621887 -0.40549480985053427 2
HH0647-rgb_2017_2_4_21_0_1 2765 0.30169261808469783 -0.5470405313268817 0.6430398693091461 0.06444320036770632 -0.8555382089514458 -0.286181956295671 -0.844704035561261 2
HH0647-rgb_2017_2_4_21_0_1 2765 0.3521202253241547 0.5348510412266633 0.9995703311086364 1.0471105415789232 -1.704330238477468 -1.6188091096686394 1.131737480137009 2
HH0647-rgb_2017_2_4_21_0_1 6265 -0.7572871339438961 -0.5470405313268817 -0.47503965889405525 0.3021852990478394 -0.8555382089514458 -0.45276035046729207 -0.515297116278216 1
HH0647-rgb_2017_2_4_21_0_1 3335 0.1504097963663273 -0.04215779746856072 -0.7659685157224393 -0.1574494250670846 -0.6433402015699402 0.0469748320475711 -2.125730943884214 2
HH0647-rgb_2017_2_4_21_0_1 3335 -0.9589975629017234 -0.6912927410006877 -0.46363068411647157 0.15954003983975956 0.8420458501005986 -0.9524955329821553 -1.174110954844306 0
HH0647-rgb_2017_2_4_21_0_1 3335 -0.0008730253520432782 -0.00609474505010922 0.574586020643644 0.06444320036770632 -0.43114219418843464 0.3801316203908132 -0.0760878905674893 2
HH0647-rgb_2017_2_4_21_0_1 8260 -0.5051490977466118 -0.36672526923462423 0.5603248021716644 0.6667231836907103 1.2664418648636095 1.0464451970772974 0.7291290232355097 1
HH0647-rgb_2017_2_4_21_0_1 7635 -0.3034386687887844 -0.5109774789084303 0.5660292895604563 0.6191747639546836 -0.8555382089514458 -0.45276035046729207 0.14351672228787404 1
HH0647-rgb_2017_2_4_21_0_1 2995 -0.3538662760282413 -0.2945991643977212 -0.7773774905000229 -0.1574494250670846 -0.006746179425423586 0.8798668029056764 -0.6983009603243521 1
HH0647-rgb_2017_2_4_21_0_1 2995 -1.3624184208173784 -0.36672526923462423 0.8113222472785055 -1.409557811449119 0.629847842719093 -0.7859171388105343 -0.6617001915151248 0
HH0647-rgb_2017_2_4_21_0_1 2995 -0.0008730253520432782 -0.7994818982560422 0.6430398693091461 0.06444320036770632 -1.0677362163329513 -0.9524955329821553 -0.7349017291335793 2
HH0647-rgb_2017_2_4_21_0_1 2995 0.5538306542819821 0.02996830736834228 1.0252405243581997 1.0471105415789232 0.629847842719093 1.0464451970772974 1.5343459370385086 2
HH0647-rgb_2017_2_4_21_0_1 7190 -0.7068595267044392 -0.5470405313268817 -0.4579261967276797 0.25463687931181284 -0.006746179425423586 -0.45276035046729207 -0.9911071107981698 1
HH0647-rgb_2017_2_4_21_0_1 7190 -0.3034386687887844 -0.43885137407152724 0.5289501215333092 0.571626344218657 -0.006746179425423586 0.3801316203908132 0.4729236415709191 1
HH0647-rgb_2017_2_4_21_0_1 3490 -0.6060043122255255 -0.43885137407152724 -0.8572403139431087 -0.1732988983124268 0.4176498353375875 -1.1190739271537764 -0.4786963474689887 0
HH0647-rgb_2017_2_4_21_0_1 3490 -1.0094251701411803 -0.9437341079298482 -0.48930087736603484 0.06444320036770632 -0.006746179425423586 0.21355322621919218 -0.4786963474689887 1
HH0647-rgb_2017_2_4_21_0_1 3490 0.09998218912687043 -0.04215779746856072 0.608812944976395 0.15954003983975956 -0.8555382089514458 -0.6193387446389131 -0.4786963474689887 2
HH0647-rgb_2017_2_4_21_0_1 3490 0.40254783256361154 0.17422051704214828 1.0195360369694078 1.0788094880696077 0.629847842719093 -0.286181956295671 1.131737480137009 2
HH0647-rgb_2017_2_4_21_0_1 3485 -0.3538662760282413 -0.43885137407152724 -0.848683582859921 -0.1574494250670846 0.8420458501005986 0.3801316203908132 -0.8813048043704882 1
HH0647-rgb_2017_2_4_21_0_1 3485 -1.0094251701411803 -0.8355449506744937 -0.4921531210604308 0.06444320036770632 -0.21894418680692912 -0.286181956295671 -1.0643086484166242 1
HH0647-rgb_2017_2_4_21_0_1 3485 -0.3538662760282413 -0.5470405313268817 0.6173696760595828 0.06444320036770632 1.6908378796266206 -0.9524955329821553 0.8389313296631913 1
HH0647-rgb_2017_2_4_21_0_1 3485 0.4529754398030684 0.1381574646236968 1.0195360369694078 1.0471105415789232 0.4176498353375875 0.7132884087340554 0.6559274856170552 2
HH0647-rgb_2017_2_4_21_0_1 7185 -0.3538662760282413 -0.5470405313268817 -0.4579261967276797 0.25463687931181284 -0.006746179425423586 0.3801316203908132 -1.027707879607397 2
HH0647-rgb_2017_2_4_21_0_1 7185 -0.10172823983095698 -0.11428390230546372 0.5203933904501215 0.6191747639546836 0.20545182795608197 0.21355322621919218 0.033714415860192366 2
HH0647-rgb_2017_2_4_21_0_1 7620 -0.3034386687887844 -0.43885137407152724 0.5717337769492481 0.6667231836907103 -0.006746179425423586 0.3801316203908132 -0.0028863529490348577 2
HH0647-rgb_2017_2_4_21_0_1 2980 -1.0094251701411803 -0.11428390230546372 0.8198789783616933 -1.3778588649584347 -0.006746179425423586 -0.9524955329821553 -0.8081032667520337 0
HH0647-rgb_2017_2_4_21_0_1 2980 -0.0008730253520432782 -0.7994818982560422 0.6430398693091461 0.06444320036770632 -1.0677362163329513 -0.9524955329821553 -0.5518978850874432 2
HH0647-rgb_2017_2_4_21_0_1 2980 1.1589619411554644 0.02996830736834228 1.016683793275012 0.95201370210687 -0.21894418680692912 0.7132884087340554 -0.844704035561261 2
HH0647-rgb_2017_2_4_21_0_1 3320 0.3521202253241547 0.2463466218790513 -0.7745252468056271 -0.1574494250670846 -0.006746179425423586 -0.286181956295671 -2.638141707213395 2
HH0647-rgb_2017_2_4_21_0_1 3320 -1.0094251701411803 -0.6912927410006877 -0.46363068411647157 0.15954003983975956 -0.006746179425423586 -0.7859171388105343 -1.4303163365088964 0
HH0647-rgb_2017_2_4_21_0_1 3320 0.09998218912687043 -0.00609474505010922 0.574586020643644 0.06444320036770632 -0.43114219418843464 0.3801316203908132 -0.3688940410413071 2
HH0647-rgb_2017_2_4_21_0_1 3320 0.4529754398030684 0.7872924081558238 0.9824568689422608 1.0946589613149498 -1.704330238477468 -1.6188091096686394 0.802330560853964 2
HH0647-rgb_2017_2_4_21_0_1 8275 -0.3034386687887844 -0.43885137407152724 0.5631770458660603 0.6667231836907103 -0.006746179425423586 0.5467100145624343 0.07031518466941959 2
HH0647-rgb_2017_2_4_21_0_1 4315 -0.3034386687887844 -0.5470405313268817 -0.43225600347811644 -0.030653639104346937 -0.21894418680692912 0.3801316203908132 0.07031518466941959 1
HH0647-rgb_2017_2_4_21_0_1 615 0.30169261808469783 -0.33066221681617275 0.7685385918625667 0.6667231836907103 0.4176498353375875 -0.11960356212404996 0.033714415860192366 2
HH0647-rgb_2017_2_4_21_0_1 6270 -0.45472149050715494 -0.5470405313268817 -0.483596389977243 0.34973371878386605 -0.43114219418843464 0.21355322621919218 0.2533190287155557 1
HH0647-rgb_2017_2_4_21_0_1 2770 -0.0008730253520432782 -0.5470405313268817 0.6344831382259584 0.01689478063167969 -0.6433402015699402 0.0469748320475711 -0.29569250342285264 2
HH0647-rgb_2017_2_4_21_0_1 2770 0.4529754398030684 0.4627249363897603 1.0024225748030322 1.0946589613149498 -1.704330238477468 -1.2856523213253974 1.0585359425185545 2
HH0647-rgb_2017_2_4_21_0_1 1090 0.3521202253241547 -0.18641000714236672 0.7571296170849829 0.6350242372000258 -0.6433402015699402 -0.286181956295671 -0.0760878905674893 2
HH0647-rgb_2017_2_4_21_0_1 4895 nan nan nan nan nan nan nan 0
HH0647-rgb_2017_2_4_21_0_1 5235 nan nan nan nan nan nan nan 0
HH0647-rgb_2017_2_4_21_0_1 3650 11.194055781807378 4.7542281741854895 -0.6233563310026432 0.06444320036770632 -0.006746179425423586 -0.45276035046729207 2.3761636196507347 2
HH0647-rgb_2017_2_4_21_0_1 7350 -0.20258345430987068 -0.4027883216530757 0.5631770458660603 0.6667231836907103 0.20545182795608197 1.0464451970772974 0.43632287276169185 2
HH0647-rgb_2017_2_4_21_0_1 6700 -0.6060043122255255 -0.5470405313268817 -0.44936946564449193 0.25463687931181284 -0.006746179425423586 0.3801316203908132 -0.8813048043704882 1
HH0647-rgb_2017_2_4_21_0_1 6700 -0.20258345430987068 -0.5109774789084303 0.540359096310893 0.571626344218657 -0.6433402015699402 0.21355322621919218 0.32652056633401016 1
HH0647-rgb_2017_2_4_21_0_1 365 0.251265010845241 -0.18641000714236672 0.6886757684194809 0.34973371878386605 -0.6433402015699402 -0.9524955329821553 -0.6617001915151248 2
HH0647-rgb_2017_2_4_21_0_1 4665 -0.6060043122255255 -0.5470405313268817 -0.4579261967276797 0.2070884595757862 -0.21894418680692912 -1.7853875038402607 0.21671825990632848 1
HH0647-rgb_2017_2_4_21_0_1 4665 -0.05130063259150013 -0.33066221681617275 -0.8743537761094843 -0.25254626453913787 -0.006746179425423586 2.379072350450266 2.412764388459962 1
HH0647-rgb_2017_2_4_21_0_1 4665 nan nan nan nan nan nan nan 0
HH0647-rgb_2017_2_4_21_0_1 3095 -0.7068595267044392 -0.5470405313268817 -0.7745252468056271 -0.1732988983124268 -0.006746179425423586 0.21355322621919218 -1.5401186429365783 0
HH0647-rgb_2017_2_4_21_0_1 3095 -1.5641288497752057 0.6430401984820178 -0.446517221950096 -1.0133209803155638 -0.43114219418843464 -0.45276035046729207 1.9735551627492351 0
HH0647-rgb_2017_2_4_21_0_1 3095 -0.0008730253520432782 -0.43885137407152724 0.6287786508371666 0.11199162010373294 -0.43114219418843464 0.0469748320475711 -0.4786963474689887 2
HH0647-rgb_2017_2_4_21_0_1 7595 -0.3034386687887844 -0.43885137407152724 0.5631770458660603 0.6667231836907103 -0.006746179425423586 0.3801316203908132 0.3997221039524646 1
HH0647-rgb_2017_2_4_21_0_1 3730 -0.3034386687887844 -0.43885137407152724 -0.446517221950096 0.15954003983975956 -1.4921322310959624 0.3801316203908132 1.3147413241831452 1
HH0647-rgb_2017_2_4_21_0_1 6890 -0.7068595267044392 -0.5470405313268817 -0.4579261967276797 0.25463687931181284 -0.006746179425423586 0.0469748320475711 -1.0643086484166242 1
HH0647-rgb_2017_2_4_21_0_1 6890 -0.15215584707041385 -0.43885137407152724 0.537506852616497 0.6350242372000258 -0.006746179425423586 0.3801316203908132 1.3147413241831452 1
HH0647-rgb_2017_2_4_21_0_1 5355 nan nan nan nan nan nan nan 0
HH0647-rgb_2017_2_4_21_0_1 4705 0.4529754398030684 -0.25853611197926973 -0.8686492887206925 -0.3000946842751645 0.629847842719093 0.8798668029056764 2.119958237986144 1
HH0647-rgb_2017_2_4_21_0_1 205 0.3521202253241547 -0.2945991643977212 0.6915280121138768 0.3972821385198927 -0.21894418680692912 -0.7859171388105343 -0.8081032667520337 2
HH0647-rgb_2017_2_4_21_0_1 6660 -1.0094251701411803 -0.6912927410006877 -0.4950053647548267 0.3021852990478394 -0.21894418680692912 -0.286181956295671 -0.0760878905674893 1
HH0647-rgb_2017_2_4_21_0_1 6660 -0.3034386687887844 -0.43885137407152724 0.537506852616497 0.571626344218657 0.20545182795608197 0.3801316203908132 0.32652056633401016 1
HH0647-rgb_2017_2_4_21_0_1 5180 nan nan nan nan nan nan nan 0
HH0647-rgb_2017_2_4_21_0_1 985 -0.0008730253520432782 -0.18641000714236672 0.7571296170849829 0.6191747639546836 -0.43114219418843464 -0.9524955329821553 0.32652056633401016 2
HH0647-rgb_2017_2_4_21_0_1 8315 -0.3034386687887844 -0.43885137407152724 0.5631770458660603 0.6667231836907103 -0.006746179425423586 0.7132884087340554 0.21671825990632848 2
HH0647-rgb_2017_2_4_21_0_1 3240 -0.4042938832676981 0.4987879888082118 -0.7174803729177086 -0.1732988983124268 -1.2799342237144569 -1.7853875038402607 -1.8695255622196232 0
HH0647-rgb_2017_2_4_21_0_1 3240 -0.3538662760282413 -0.5470405313268817 -0.4664829278108675 0.2070884595757862 -0.006746179425423586 0.21355322621919218 -1.1009094172258516 2
HH0647-rgb_2017_2_4_21_0_1 3240 0.09998218912687043 -0.00609474505010922 0.5831427517268317 0.06444320036770632 -0.21894418680692912 0.3801316203908132 -0.03948712175826208 2
HH0647-rgb_2017_2_4_21_0_1 3240 0.6546858687608959 0.7512293557373723 0.9853091126366568 0.9995621218428966 -2.3409242606219847 -0.6193387446389131 1.9003536251307809 2
HH0647-rgb_2017_2_4_21_0_1 7740 -0.3034386687887844 -0.43885137407152724 0.5631770458660603 0.6667231836907103 -0.21894418680692912 0.3801316203908132 -0.5884986538966704 2
HH0647-rgb_2017_2_4_21_0_1 2610 0.5034030470425253 -0.33066221681617275 0.611665188670791 -0.030653639104346937 -0.8555382089514458 -0.11960356212404996 -0.0760878905674893 2
HH0647-rgb_2017_2_4_21_0_1 2610 0.7555410832398095 0.6069771460635663 0.9967180874142404 0.9995621218428966 -0.006746179425423586 1.3796019854205397 1.095136711327782 2
HH0647-rgb_2017_2_4_21_0_1 6310 -0.3538662760282413 -0.5470405313268817 -0.483596389977243 0.3021852990478394 -0.006746179425423586 0.21355322621919218 -0.5518978850874432 1
HH0647-rgb_2017_2_4_21_0_1 775 0.09998218912687043 -0.2945991643977212 0.7599818607793789 0.6667231836907103 -0.006746179425423586 -0.6193387446389131 -0.0760878905674893 2
HH0647-rgb_2017_2_4_21_0_1 4275 -0.5051490977466118 -0.6912927410006877 -0.4294037597837205 -0.030653639104346937 -0.43114219418843464 1.3796019854205397 0.2533190287155557 1
HH0647-rgb_2017_2_4_21_0_1 4505 -0.3538662760282413 -0.43885137407152724 -0.4294037597837205 0.11199162010373294 -1.2799342237144569 1.5461803795921607 1.4611443994200541 1
HH0647-rgb_2017_2_4_21_0_1 5 0.3521202253241547 -0.33066221681617275 0.6858235247250849 0.3972821385198927 -1.0677362163329513 -0.7859171388105343 -0.6617001915151248 2
HH0647-rgb_2017_2_4_21_0_1 6460 -0.7068595267044392 -0.6912927410006877 -0.47789190258845116 0.3021852990478394 -0.8555382089514458 0.21355322621919218 -0.7715024979428066 1
HH0647-rgb_2017_2_4_21_0_1 7030 -0.6564319194649824 -0.5470405313268817 -0.4579261967276797 0.25463687931181284 0.4176498353375875 -0.286181956295671 -0.9179055731797154 1
HH0647-rgb_2017_2_4_21_0_1 7030 -0.0008730253520432782 -0.18641000714236672 0.5232456341445174 0.6191747639546836 0.4176498353375875 -0.11960356212404996 0.3631213351432374 2
HH0647-rgb_2017_2_4_21_0_1 3530 0.3521202253241547 -0.18641000714236672 -0.81445665852717 -0.1574494250670846 1.054243857482104 0.0469748320475711 -0.03948712175826208 2
HH0647-rgb_2017_2_4_21_0_1 3530 -1.0094251701411803 -0.8355449506744937 -0.4921531210604308 0.06444320036770632 -0.21894418680692912 0.0469748320475711 -0.6250994227058976 1
HH0647-rgb_2017_2_4_21_0_1 3530 -0.3538662760282413 -0.43885137407152724 0.6287786508371666 0.11199162010373294 -0.006746179425423586 0.5467100145624343 -0.7715024979428066 2
HH0647-rgb_2017_2_4_21_0_1 3530 -0.15215584707041385 0.6430401984820178 0.9796046252478648 0.95201370210687 -1.0677362163329513 -0.6193387446389131 -0.844704035561261 2
HH0647-rgb_2017_2_4_21_0_1 7965 -0.6060043122255255 -0.6191666361637848 0.5631770458660603 0.6667231836907103 0.20545182795608197 1.0464451970772974 -0.3688940410413071 2
HH0647-rgb_2017_2_4_21_0_1 3295 -0.05130063259150013 -0.43885137407152724 -0.8315701206935455 -0.20499784480311123 -0.006746179425423586 0.5467100145624343 -0.18589019699517098 1
HH0647-rgb_2017_2_4_21_0_1 3295 -0.3034386687887844 -0.5470405313268817 -0.4579261967276797 0.11199162010373294 -0.006746179425423586 0.5467100145624343 -0.14928942818594376 1
HH0647-rgb_2017_2_4_21_0_1 3295 -0.0008730253520432782 -0.00609474505010922 0.574586020643644 0.06444320036770632 -0.6433402015699402 0.3801316203908132 0.14351672228787404 2
HH0647-rgb_2017_2_4_21_0_1 3295 -0.15215584707041385 0.3905988315528573 0.9710478941646772 0.9995621218428966 -2.7653202753849957 -0.45276035046729207 1.6441482434661903 1
HH0647-rgb_2017_2_4_21_0_1 7795 -0.20258345430987068 -0.4027883216530757 0.5631770458660603 0.6667231836907103 -0.006746179425423586 0.3801316203908132 0.10691595347864681 2
HH0647-rgb_2017_2_4_21_0_1 2835 -0.6060043122255255 -0.43885137407152724 0.645892113003542 0.11199162010373294 0.629847842719093 -0.7859171388105343 -0.29569250342285264 1
HH0647-rgb_2017_2_4_21_0_1 2835 -0.15215584707041385 0.7872924081558238 0.9824568689422608 1.1422073810509765 0.20545182795608197 -0.6193387446389131 -0.18589019699517098 0
HH0647-rgb_2017_2_4_21_0_1 950 -0.0008730253520432782 -0.2945991643977212 0.7514251296961911 0.6191747639546836 -0.43114219418843464 -0.9524955329821553 0.14351672228787404 2
HH0647-rgb_2017_2_4_21_0_1 2410 nan nan nan nan nan nan nan 0
HH0647-rgb_2017_2_4_21_0_1 6110 -0.7068595267044392 -0.5470405313268817 -0.4579261967276797 0.25463687931181284 0.4176498353375875 -1.4522307154970184 -0.8081032667520337 0
HH0647-rgb_2017_2_4_21_0_1 575 0.40254783256361154 -0.33066221681617275 0.7685385918625667 0.6667231836907103 0.20545182795608197 -0.45276035046729207 0.14351672228787404 2
HH0647-rgb_2017_2_4_21_0_1 4075 -0.6564319194649824 -0.5831035837453332 -0.42655151608932457 0.15954003983975956 1.054243857482104 0.0469748320475711 0.10691595347864681 1
HH0647-rgb_2017_2_4_21_0_1 1125 0.3521202253241547 -0.18641000714236672 0.7571296170849829 0.6350242372000258 -0.6433402015699402 -0.45276035046729207 0.18011749109710126 2
HH0647-rgb_2017_2_4_21_0_1 5425 nan nan nan nan nan nan nan 0
HH0647-rgb_2017_2_4_21_0_1 8115 -0.5051490977466118 -0.36672526923462423 0.5603248021716644 0.6667231836907103 0.629847842719093 1.0464451970772974 0.6193267168078279 1
HH0647-rgb_2017_2_4_21_0_1 3040 -0.3538662760282413 -0.43885137407152724 -0.7802297341944189 -0.1574494250670846 0.8420458501005986 1.7127587737637817 -1.1009094172258516 2
HH0647-rgb_2017_2_4_21_0_1 3040 -0.6060043122255255 0.1381574646236968 0.1438972227898598 -1.1876651860143281 -0.21894418680692912 -1.1190739271537764 1.1683382489462364 0
HH0647-rgb_2017_2_4_21_0_1 3040 -0.3034386687887844 -0.43885137407152724 0.6287786508371666 0.11199162010373294 -0.006746179425423586 0.3801316203908132 -0.3688940410413071 2
HH0647-rgb_2017_2_4_21_0_1 3040 0.1504097963663273 -0.04215779746856072 1.0280927680525955 0.9995621218428966 0.629847842719093 0.5467100145624343 1.278140555373918 2
HH0647-rgb_2017_2_4_21_0_1 7540 -0.5051490977466118 -0.36672526923462423 0.5603248021716644 0.6667231836907103 0.4176498353375875 0.5467100145624343 0.6925282544262824 1
HH0647-rgb_2017_2_4_21_0_1 3915 -0.7572871339438961 -0.5470405313268817 -0.4579261967276797 0.2070884595757862 1.903035887008126 -2.2851226863551237 -0.8081032667520337 0
HH0647-rgb_2017_2_4_21_0_1 5380 nan nan nan nan nan nan nan 0
HH0647-rgb_2017_2_4_21_0_1 1680 nan nan nan nan nan nan nan 0
HH0647-rgb_2017_2_4_21_0_1 4920 nan nan nan nan nan nan nan 0
HH0647-rgb_2017_2_4_21_0_1 6845 -1.0094251701411803 -0.6912927410006877 -0.46363068411647157 0.25463687931181284 0.629847842719093 0.0469748320475711 -0.8081032667520337 0
HH0647-rgb_2017_2_4_21_0_1 6845 -0.05130063259150013 -0.5109774789084303 0.540359096310893 0.6350242372000258 -0.43114219418843464 0.3801316203908132 -0.0760878905674893 2
HH0647-rgb_2017_2_4_21_0_1 4115 -0.6564319194649824 -0.5470405313268817 -0.43225600347811644 0.15954003983975956 1.054243857482104 -0.6193387446389131 -0.29569250342285264 0
HH0647-rgb_2017_2_4_21_0_1 4115 nan nan nan nan nan nan nan 0
HH0647-rgb_2017_2_4_21_0_1 415 0.3521202253241547 -0.2945991643977212 0.6915280121138768 0.3972821385198927 -0.6433402015699402 -0.45276035046729207 -0.3688940410413071 2
HH0647-rgb_2017_2_4_21_0_1 6070 -0.6564319194649824 -0.5470405313268817 -0.4579261967276797 0.25463687931181284 -0.006746179425423586 -1.2856523213253974 -1.0643086484166242 1
HH0647-rgb_2017_2_4_21_0_1 2570 0.40254783256361154 -0.25853611197926973 0.608812944976395 0.06444320036770632 -0.006746179425423586 0.3801316203908132 -0.9545063419889426 2
HH0647-rgb_2017_2_4_21_0_1 2570 0.251265010845241 0.8954815654111783 0.9796046252478648 1.0946589613149498 -1.4921322310959624 -0.7859171388105343 0.21671825990632848 2
HH0647-rgb_2017_2_4_21_0_1 7420 -0.5051490977466118 -0.36672526923462423 0.5688815332548521 0.6667231836907103 0.20545182795608197 0.8798668029056764 0.6925282544262824 1
HH0647-rgb_2017_2_4_21_0_1 3120 -0.7068595267044392 -0.5470405313268817 -0.7745252468056271 -0.1732988983124268 -0.006746179425423586 0.3801316203908132 -1.7231224869827144 0
HH0647-rgb_2017_2_4_21_0_1 3120 -1.0094251701411803 -0.6912927410006877 -0.46363068411647157 0.11199162010373294 0.20545182795608197 0.21355322621919218 -0.18589019699517098 0
HH0647-rgb_2017_2_4_21_0_1 3120 -0.0008730253520432782 -0.2945991643977212 0.6259264071427706 0.11199162010373294 -0.43114219418843464 0.0469748320475711 -0.03948712175826208 2
HH0647-rgb_2017_2_4_21_0_1 3120 0.6546858687608959 -0.04215779746856072 1.0280927680525955 1.0471105415789232 1.2664418648636095 0.8798668029056764 0.2899197975247829 2
HH0647-rgb_2017_2_4_21_0_1 8075 -0.5051490977466118 -0.43885137407152724 0.5631770458660603 0.6667231836907103 0.629847842719093 0.8798668029056764 0.6925282544262824 1
HH0647-rgb_2017_2_4_21_0_1 1045 0.09998218912687043 -0.2945991643977212 0.7599818607793789 0.6191747639546836 -0.43114219418843464 -0.45276035046729207 -0.25909173461362545 2
HH0647-rgb_2017_2_4_21_0_1 3875 -0.0008730253520432782 -0.2945991643977212 -0.43510824717251234 0.01689478063167969 -1.2799342237144569 2.712229138793508 0.7291290232355097 1
HH0647-rgb_2017_2_4_21_0_1 3875 nan nan nan nan nan nan nan 0
HH0647-rgb_2017_2_4_21_0_1 3685 -0.3034386687887844 -0.43885137407152724 -0.446517221950096 0.15954003983975956 -1.0677362163329513 0.3801316203908132 0.8755320984724185 1
HH0647-rgb_2017_2_4_21_0_1 6925 -0.7068595267044392 -0.5470405313268817 -0.4664829278108675 0.25463687931181284 0.20545182795608197 0.3801316203908132 -0.2224909658043982 1
HH0647-rgb_2017_2_4_21_0_1 6925 0.049554581887413574 -0.22247305956081823 0.5318023652277052 0.6350242372000258 0.629847842719093 0.0469748320475711 0.5827259479986008 2
HH0647-rgb_2017_2_4_21_0_1 7385 -0.6060043122255255 -0.5470405313268817 0.5688815332548521 0.6667231836907103 0.629847842719093 0.7132884087340554 0.802330560853964 1
HH0647-rgb_2017_2_4_21_0_1 4840 nan nan nan nan nan nan nan 0
HH0647-rgb_2017_2_4_21_0_1 6500 -0.9085699556622666 -0.6912927410006877 -0.446517221950096 0.25463687931181284 -0.43114219418843464 -1.1190739271537764 0.2899197975247829 1
HH0647-rgb_2017_2_4_21_0_1 165 0.3521202253241547 -0.33066221681617275 0.6858235247250849 0.3972821385198927 -0.6433402015699402 -0.7859171388105343 -0.6983009603243521 2
HH0647-rgb_2017_2_4_21_0_1 4465 -0.7068595267044392 -0.43885137407152724 -0.4294037597837205 0.11199162010373294 1.054243857482104 -1.6188091096686394 -0.29569250342285264 0
HH0647-rgb_2017_2_4_21_0_1 4465 -1.3119908135779215 0.3545357791344058 -1.139612439688305 -1.1242672930329594 -0.006746179425423586 -1.4522307154970184 0.8755320984724185 0
HH0647-rgb_2017_2_4_21_0_1 3450 -0.3538662760282413 -0.43885137407152724 -0.848683582859921 -0.1574494250670846 1.2664418648636095 0.0469748320475711 -1.3571147988904422 2
HH0647-rgb_2017_2_4_21_0_1 3450 -0.7068595267044392 -0.5470405313268817 -0.4579261967276797 0.01689478063167969 0.4176498353375875 -0.6193387446389131 -0.0760878905674893 1
HH0647-rgb_2017_2_4_21_0_1 3450 0.5034030470425253 -0.8355449506744937 0.6858235247250849 -0.030653639104346937 0.8420458501005986 0.21355322621919218 0.18011749109710126 2
HH0647-rgb_2017_2_4_21_0_1 3450 -0.15215584707041385 0.3905988315528573 0.9796046252478648 0.9995621218428966 -2.7653202753849957 0.21355322621919218 1.4977451682292813 1
HH0647-rgb_2017_2_4_21_0_1 7150 -0.3538662760282413 -0.43885137407152724 -0.4550739530332838 0.25463687931181284 0.4176498353375875 -0.11960356212404996 -0.9911071107981698 2
HH0647-rgb_2017_2_4_21_0_1 7150 -0.3034386687887844 -0.36672526923462423 0.534654608922101 0.6191747639546836 0.20545182795608197 0.0469748320475711 0.3631213351432374 1
HH0647-rgb_2017_2_4_21_0_1 7805 -0.3034386687887844 -0.43885137407152724 0.5631770458660603 0.6667231836907103 0.20545182795608197 0.3801316203908132 -0.0028863529490348577 2
HH0647-rgb_2017_2_4_21_0_1 5960 3.3777766596915657 3.6362735492134926 0.03836420609721069 -0.25254626453913787 -0.006746179425423586 -0.7859171388105343 -1.9061263310288503 2
HH0647-rgb_2017_2_4_21_0_1 830 -0.4042938832676981 -0.43885137407152724 0.7542773733905871 0.6191747639546836 -0.21894418680692912 -0.11960356212404996 0.14351672228787404 1
HH0647-rgb_2017_2_4_21_0_1 2955 0.40254783256361154 -0.25853611197926973 0.608812944976395 0.01689478063167969 -0.21894418680692912 -0.11960356212404996 0.14351672228787404 2
HH0647-rgb_2017_2_4_21_0_1 2955 -1.2111355990990078 0.4987879888082118 0.9567866756926975 1.1739063275416608 -1.9165282458589736 -1.7853875038402607 -1.2839132612719877 0
HH0647-rgb_2017_2_4_21_0_1 825 -0.0008730253520432782 -0.2945991643977212 0.7599818607793789 0.6191747639546836 -0.21894418680692912 -0.11960356212404996 -0.03948712175826208 2
HH0647-rgb_2017_2_4_21_0_1 2940 0.3521202253241547 0.21028356946059978 0.6002562138932073 0.06444320036770632 -0.006746179425423586 0.3801316203908132 1.131737480137009 2
HH0647-rgb_2017_2_4_21_0_1 2940 0.5034030470425253 0.4987879888082118 0.973900137859073 1.0788094880696077 -0.43114219418843464 -1.7853875038402607 1.4245436306108268 2
HH0647-rgb_2017_2_4_21_0_1 7810 -0.20258345430987068 -0.1503469547239152 0.5546203147828725 0.6667231836907103 0.4176498353375875 0.5467100145624343 0.32652056633401016 2
HH0647-rgb_2017_2_4_21_0_1 5975 3.1760662307337384 5.2591109080438105 1.9322540191761028 -0.3476431040111911 1.6908378796266206 0.3801316203908132 -1.3937155676996693 2
HH0647-rgb_2017_2_4_21_0_1 5020 nan nan nan nan nan nan nan 0
HH0647-rgb_2017_2_4_21_0_1 7145 -0.3538662760282413 -0.43885137407152724 -0.4550739530332838 0.25463687931181284 -0.006746179425423586 -0.286181956295671 -1.027707879607397 2
HH0647-rgb_2017_2_4_21_0_1 7145 -0.3034386687887844 -0.36672526923462423 0.534654608922101 0.6191747639546836 0.4176498353375875 0.0469748320475711 0.14351672228787404 2
HH0647-rgb_2017_2_4_21_0_1 3445 -0.3538662760282413 -0.43885137407152724 -0.848683582859921 -0.1574494250670846 1.054243857482104 0.3801316203908132 -0.8813048043704882 1
HH0647-rgb_2017_2_4_21_0_1 3445 -0.7068595267044392 -0.5470405313268817 -0.44936946564449193 -0.030653639104346937 0.4176498353375875 0.0469748320475711 -0.03948712175826208 1
HH0647-rgb_2017_2_4_21_0_1 3445 0.8059686904792663 -0.6191666361637848 0.6715623062531053 -0.07820205884037357 0.8420458501005986 -0.7859171388105343 -0.5518978850874432 2
HH0647-rgb_2017_2_4_21_0_1 3445 0.251265010845241 0.5348510412266633 0.9824568689422608 0.95201370210687 -1.704330238477468 1.0464451970772974 1.278140555373918 2
HH0647-rgb_2017_2_4_21_0_1 6515 -0.3538662760282413 -0.5470405313268817 -0.44936946564449193 0.25463687931181284 0.20545182795608197 0.3801316203908132 -0.515297116278216 1
HH0647-rgb_2017_2_4_21_0_1 4470 -1.6649840642541194 0.3545357791344058 -1.1567259018546805 -1.1718157127689859 -0.43114219418843464 -1.4522307154970184 0.802330560853964 0
HH0647-rgb_2017_2_4_21_0_1 170 0.251265010845241 -0.33066221681617275 0.6858235247250849 0.34973371878386605 -1.0677362163329513 -0.45276035046729207 -0.14928942818594376 2
HH0647-rgb_2017_2_4_21_0_1 7390 -0.4042938832676981 -0.4027883216530757 0.5631770458660603 0.6667231836907103 0.629847842719093 0.8798668029056764 0.8389313296631913 1
HH0647-rgb_2017_2_4_21_0_1 3690 -0.6564319194649824 -0.5470405313268817 -0.44936946564449193 0.15954003983975956 -0.21894418680692912 -0.9524955329821553 -0.25909173461362545 1
HH0647-rgb_2017_2_4_21_0_1 6930 -0.7068595267044392 -0.5470405313268817 -0.4664829278108675 0.25463687931181284 -0.006746179425423586 0.5467100145624343 -0.4420955786597615 1
HH0647-rgb_2017_2_4_21_0_1 6930 -0.05130063259150013 -0.22247305956081823 0.5318023652277052 0.6350242372000258 0.629847842719093 -0.45276035046729207 0.5095244103801463 2
HH0647-rgb_2017_2_4_21_0_1 3860 -0.3034386687887844 -0.43885137407152724 -0.43796049086690825 0.01689478063167969 -1.2799342237144569 2.712229138793508 1.095136711327782 1
HH0647-rgb_2017_2_4_21_0_1 3860 nan nan nan nan nan nan nan 0
HH0647-rgb_2017_2_4_21_0_1 3135 -0.4042938832676981 -0.43885137407152724 -0.7802297341944189 -0.1732988983124268 0.4176498353375875 1.5461803795921607 -0.8813048043704882 2
HH0647-rgb_2017_2_4_21_0_1 3135 -1.0094251701411803 -0.6552296885822362 -0.47218741519965934 0.15954003983975956 0.20545182795608197 -0.9524955329821553 -1.0643086484166242 0
HH0647-rgb_2017_2_4_21_0_1 3135 -0.0008730253520432782 -0.2945991643977212 0.6259264071427706 0.11199162010373294 -0.21894418680692912 0.0469748320475711 0.07031518466941959 2
HH0647-rgb_2017_2_4_21_0_1 3135 0.4529754398030684 0.4627249363897603 1.0024225748030322 0.9995621218428966 -0.6433402015699402 0.0469748320475711 1.3879428618015996 2
HH0647-rgb_2017_2_4_21_0_1 8060 -0.6060043122255255 -0.43885137407152724 0.5631770458660603 0.6667231836907103 1.054243857482104 0.8798668029056764 0.5827259479986008 1
HH0647-rgb_2017_2_4_21_0_1 7435 -0.6060043122255255 -0.5109774789084303 0.5660292895604563 0.6667231836907103 1.054243857482104 0.5467100145624343 0.802330560853964 1
HH0647-rgb_2017_2_4_21_0_1 1050 0.3521202253241547 -0.18641000714236672 0.7571296170849829 0.6350242372000258 -0.8555382089514458 -0.11960356212404996 0.18011749109710126 2
HH0647-rgb_2017_2_4_21_0_1 400 0.3521202253241547 -0.18641000714236672 0.6886757684194809 0.3972821385198927 -0.6433402015699402 0.3801316203908132 -0.515297116278216 2
HH0647-rgb_2017_2_4_21_0_1 4100 -0.6564319194649824 -0.5470405313268817 -0.43225600347811644 0.15954003983975956 1.478639872245115 -1.4522307154970184 -1.027707879607397 0
HH0647-rgb_2017_2_4_21_0_1 2565 0.5034030470425253 -0.33066221681617275 0.611665188670791 -0.030653639104346937 -0.6433402015699402 -0.6193387446389131 -0.11268865937671653 2
HH0647-rgb_2017_2_4_21_0_1 2565 0.3521202253241547 0.4987879888082118 1.0081270621918241 0.95201370210687 -2.55312226800349 -1.4522307154970184 0.802330560853964 2
HH0647-rgb_2017_2_4_21_0_1 6065 -0.7068595267044392 -0.5470405313268817 -0.4579261967276797 0.2070884595757862 0.20545182795608197 -0.286181956295671 -0.844704035561261 1
HH0647-rgb_2017_2_4_21_0_1 1695 nan nan nan nan nan nan nan 0
HH0647-rgb_2017_2_4_21_0_1 5395 nan nan nan nan nan nan nan 0
HH0647-rgb_2017_2_4_21_0_1 6850 -0.7068595267044392 -0.6912927410006877 -0.46363068411647157 0.25463687931181284 -0.006746179425423586 0.5467100145624343 -0.9179055731797154 1
HH0647-rgb_2017_2_4_21_0_1 6850 -0.25301106154932756 -0.4749144264899787 0.540359096310893 0.6350242372000258 0.629847842719093 0.21355322621919218 0.5461251791893735 1
HH0647-rgb_2017_2_4_21_0_1 3900 -0.7068595267044392 -0.5470405313268817 -0.44936946564449193 0.01689478063167969 -0.6433402015699402 1.3796019854205397 1.2049390177554635 1
HH0647-rgb_2017_2_4_21_0_1 5430 nan nan nan nan nan nan nan 0
HH0647-rgb_2017_2_4_21_0_1 1130 0.40254783256361154 -0.18641000714236672 0.7571296170849829 0.6191747639546836 -0.6433402015699402 -0.6193387446389131 -0.2224909658043982 2
HH0647-rgb_2017_2_4_21_0_1 7555 -0.6060043122255255 -0.2945991643977212 0.5574725584772685 0.6667231836907103 0.20545182795608197 0.3801316203908132 1.3513420929923725 1
HH0647-rgb_2017_2_4_21_0_1 8100 0.09998218912687043 -0.2945991643977212 0.5660292895604563 0.6667231836907103 -1.0677362163329513 0.3801316203908132 0.6925282544262824 2
HH0647-rgb_2017_2_4_21_0_1 3055 -0.3034386687887844 -0.43885137407152724 -0.7802297341944189 -0.1732988983124268 0.629847842719093 1.5461803795921607 -0.7715024979428066 2
HH0647-rgb_2017_2_4_21_0_1 3055 -1.0598527773806372 0.3545357791344058 -0.13847490295533646 -1.0450199268062483 0.629847842719093 -0.7859171388105343 1.753950549893872 0
HH0647-rgb_2017_2_4_21_0_1 3055 -0.0008730253520432782 0.02996830736834228 0.574586020643644 0.11199162010373294 -0.21894418680692912 0.3801316203908132 0.7657297920447369 1
HH0647-rgb_2017_2_4_21_0_1 3055 0.251265010845241 -0.1503469547239152 1.0280927680525955 1.0471105415789232 1.054243857482104 0.21355322621919218 0.9121328672816458 2
HH0647-rgb_2017_2_4_21_0_1 6105 -0.7068595267044392 -0.6912927410006877 -0.46363068411647157 0.2070884595757862 -0.006746179425423586 0.5467100145624343 -1.027707879607397 1
HH0647-rgb_2017_2_4_21_0_1 2405 nan nan nan nan nan nan nan 0
HH0647-rgb_2017_2_4_21_0_1 560 -0.0008730253520432782 -0.43885137407152724 0.7713908355569626 0.6667231836907103 0.20545182795608197 -0.286181956295671 0.2533190287155557 2
HH0647-rgb_2017_2_4_21_0_1 7780 -0.5051490977466118 -0.36672526923462423 0.5603248021716644 0.6667231836907103 0.4176498353375875 0.8798668029056764 0.6193267168078279 1
HH0647-rgb_2017_2_4_21_0_1 2820 -0.25301106154932756 -0.2945991643977212 0.6430398693091461 0.15954003983975956 -0.006746179425423586 -0.286181956295671 -0.29569250342285264 2
HH0647-rgb_2017_2_4_21_0_1 2820 0.6546858687608959 0.7151663033189208 0.9853091126366568 1.0471105415789232 -2.128726253240479 -1.1190739271537764 1.2049390177554635 2
HH0647-rgb_2017_2_4_21_0_1 3280 -0.3538662760282413 -0.43885137407152724 -0.8401268517767332 -0.20499784480311123 1.2664418648636095 0.8798668029056764 -0.6250994227058976 1
HH0647-rgb_2017_2_4_21_0_1 3280 -0.7068595267044392 -0.6912927410006877 -0.46363068411647157 0.15954003983975956 -0.006746179425423586 -0.286181956295671 -0.9911071107981698 1
HH0647-rgb_2017_2_4_21_0_1 3280 -0.0008730253520432782 -0.33066221681617275 0.5859949954212277 0.06444320036770632 0.20545182795608197 0.0469748320475711 -0.33229327223207983 2
HH0647-rgb_2017_2_4_21_0_1 3280 0.251265010845241 0.9315446178296298 0.976752381553469 1.1422073810509765 -0.8555382089514458 -0.9524955329821553 0.033714415860192366 2
HH0647-rgb_2017_2_4_21_0_1 945 -0.0008730253520432782 -0.2945991643977212 0.7599818607793789 0.6191747639546836 -0.21894418680692912 -0.45276035046729207 -0.18589019699517098 2
HH0647-rgb_2017_2_4_21_0_1 7970 -0.20258345430987068 -0.1503469547239152 0.5546203147828725 0.6667231836907103 0.629847842719093 0.7132884087340554 0.3631213351432374 2
HH0647-rgb_2017_2_4_21_0_1 3525 0.251265010845241 -0.11428390230546372 -0.811604414832774 -0.10990100533105798 0.629847842719093 1.5461803795921607 -1.2473124924627603 2
HH0647-rgb_2017_2_4_21_0_1 3525 -1.0094251701411803 -0.8355449506744937 -0.483596389977243 0.06444320036770632 -0.006746179425423586 -0.45276035046729207 -0.5518978850874432 0
HH0647-rgb_2017_2_4_21_0_1 3525 0.5034030470425253 -0.36672526923462423 0.6287786508371666 0.11199162010373294 -0.6433402015699402 -0.45276035046729207 -0.18589019699517098 2
HH0647-rgb_2017_2_4_21_0_1 7025 -0.6564319194649824 -0.5470405313268817 -0.4579261967276797 0.25463687931181284 0.629847842719093 -0.45276035046729207 -0.8813048043704882 1
HH0647-rgb_2017_2_4_21_0_1 7025 -0.20258345430987068 -0.4027883216530757 0.5289501215333092 0.6191747639546836 0.8420458501005986 0.21355322621919218 0.5461251791893735 2
HH0647-rgb_2017_2_4_21_0_1 5140 nan nan nan nan nan nan nan 0
HH0647-rgb_2017_2_4_21_0_1 10 0.3521202253241547 -0.33066221681617275 0.6858235247250849 0.3972821385198927 -1.2799342237144569 -0.6193387446389131 -0.7349017291335793 2
HH0647-rgb_2017_2_4_21_0_1 4510 -0.7068595267044392 -0.43885137407152724 -0.4294037597837205 0.11199162010373294 -0.006746179425423586 -1.2856523213253974 0.948733636090873 1
HH0647-rgb_2017_2_4_21_0_1 6475 -0.3538662760282413 -0.43885137407152724 -0.48074414628284706 0.3021852990478394 -0.43114219418843464 0.7132884087340554 -0.25909173461362545 1
HH0647-rgb_2017_2_4_21_0_1 3535 0.30169261808469783 -0.11428390230546372 -0.811604414832774 -0.12575047857640018 0.20545182795608197 1.5461803795921607 -0.6250994227058976 2
HH0647-rgb_2017_2_4_21_0_1 3535 -0.807714741183353 -0.6912927410006877 -0.48644863367163893 0.06444320036770632 -0.21894418680692912 -0.11960356212404996 -0.4420955786597615 1
HH0647-rgb_2017_2_4_21_0_1 3535 -0.0008730253520432782 -0.2945991643977212 0.6344831382259584 0.11199162010373294 -0.21894418680692912 0.5467100145624343 0.07031518466941959 2
HH0647-rgb_2017_2_4_21_0_1 7035 -0.6564319194649824 -0.5470405313268817 -0.4579261967276797 0.25463687931181284 0.4176498353375875 0.0469748320475711 -1.1009094172258516 1
HH0647-rgb_2017_2_4_21_0_1 7035 -0.25301106154932756 -0.4749144264899787 0.5318023652277052 0.5874758174639992 -0.006746179425423586 0.3801316203908132 0.07031518466941959 2
HH0647-rgb_2017_2_4_21_0_1 5150 nan nan nan nan nan nan nan 0
HH0647-rgb_2017_2_4_21_0_1 4500 -0.3538662760282413 -0.43885137407152724 -0.4294037597837205 0.11199162010373294 -1.2799342237144569 1.7127587737637817 1.3147413241831452 1
HH0647-rgb_2017_2_4_21_0_1 6465 -0.7068595267044392 -0.6912927410006877 -0.47789190258845116 0.3021852990478394 -0.21894418680692912 0.21355322621919218 -0.8813048043704882 1
HH0647-rgb_2017_2_4_21_0_1 7790 -0.5051490977466118 -0.36672526923462423 0.5603248021716644 0.6667231836907103 -0.006746179425423586 0.8798668029056764 0.3997221039524646 1
HH0647-rgb_2017_2_4_21_0_1 2830 -0.5051490977466118 -0.43885137407152724 0.6373353819203543 0.15954003983975956 -0.006746179425423586 -0.286181956295671 -0.515297116278216 1
HH0647-rgb_2017_2_4_21_0_1 3290 0.049554581887413574 -0.2945991643977212 -0.8344223643879414 -0.20499784480311123 0.20545182795608197 1.2130235912489185 -0.4786963474689887 2
HH0647-rgb_2017_2_4_21_0_1 3290 -0.7068595267044392 -0.5470405313268817 -0.4579261967276797 0.11199162010373294 -0.006746179425423586 -0.6193387446389131 -0.7349017291335793 1
HH0647-rgb_2017_2_4_21_0_1 3290 0.20083740360578414 -0.07822084988701222 0.5859949954212277 0.06444320036770632 0.20545182795608197 0.21355322621919218 -0.33229327223207983 2
HH0647-rgb_2017_2_4_21_0_1 955 -0.0008730253520432782 -0.2945991643977212 0.7514251296961911 0.6191747639546836 -0.43114219418843464 -0.45276035046729207 0.18011749109710126 2
HH0647-rgb_2017_2_4_21_0_1 7960 -0.5051490977466118 -0.36672526923462423 0.5517680710884766 0.6667231836907103 0.20545182795608197 0.7132884087340554 -0.11268865937671653 2
HH0647-rgb_2017_2_4_21_0_1 5420 nan nan nan nan nan nan nan 0
HH0647-rgb_2017_2_4_21_0_1 1120 -0.0008730253520432782 -0.2945991643977212 0.7514251296961911 0.6191747639546836 -0.43114219418843464 -0.7859171388105343 -0.03948712175826208 2
HH0647-rgb_2017_2_4_21_0_1 7545 -0.3034386687887844 -0.43885137407152724 0.5631770458660603 0.6667231836907103 -0.21894418680692912 0.7132884087340554 0.3631213351432374 2
HH0647-rgb_2017_2_4_21_0_1 8110 -0.5051490977466118 -0.43885137407152724 0.5631770458660603 0.6667231836907103 0.4176498353375875 0.8798668029056764 0.5461251791893735 1
HH0647-rgb_2017_2_4_21_0_1 3045 -0.3538662760282413 -0.43885137407152724 -0.7802297341944189 -0.1574494250670846 0.8420458501005986 1.7127587737637817 -1.0643086484166242 2
HH0647-rgb_2017_2_4_21_0_1 3045 -1.2111355990990078 0.7151663033189208 -0.012976180401915904 -1.0767188732969326 -1.4921322310959624 0.21355322621919218 2.2297605444138258 0
HH0647-rgb_2017_2_4_21_0_1 3045 -0.0008730253520432782 -0.2945991643977212 0.6259264071427706 0.06444320036770632 -0.43114219418843464 0.3801316203908132 -0.6250994227058976 2
HH0647-rgb_2017_2_4_21_0_1 3045 0.20083740360578414 -0.04215779746856072 1.0280927680525955 1.031261068333581 0.4176498353375875 -0.11960356212404996 1.095136711327782 2
HH0647-rgb_2017_2_4_21_0_1 6115 -0.7068595267044392 -0.5470405313268817 -0.4579261967276797 0.2070884595757862 0.4176498353375875 -0.286181956295671 -0.9911071107981698 1
HH0647-rgb_2017_2_4_21_0_1 4070 -0.6564319194649824 -0.5831035837453332 -0.42655151608932457 0.15954003983975956 1.2664418648636095 -0.45276035046729207 0.2533190287155557 1
HH0647-rgb_2017_2_4_21_0_1 4070 nan nan nan nan nan nan nan 0
HH0647-rgb_2017_2_4_21_0_1 570 0.40254783256361154 -0.43885137407152724 0.7713908355569626 0.6667231836907103 -0.006746179425423586 -0.6193387446389131 -0.2224909658043982 2
HH0647-rgb_2017_2_4_21_0_1 4925 nan nan nan nan nan nan nan 0
HH0647-rgb_2017_2_4_21_0_1 5385 nan nan nan nan nan nan nan 0
HH0647-rgb_2017_2_4_21_0_1 6840 -0.7068595267044392 -0.5470405313268817 -0.4579261967276797 0.25463687931181284 0.20545182795608197 0.0469748320475711 -0.9911071107981698 1
HH0647-rgb_2017_2_4_21_0_1 6840 -0.15215584707041385 -0.43885137407152724 0.537506852616497 0.6350242372000258 0.4176498353375875 0.3801316203908132 0.948733636090873 1
HH0647-rgb_2017_2_4_21_0_1 3910 -0.7068595267044392 -0.5470405313268817 -0.44081273456130415 0.11199162010373294 -0.006746179425423586 -0.9524955329821553 0.18011749109710126 1
HH0647-rgb_2017_2_4_21_0_1 3125 -0.4042938832676981 -0.2945991643977212 -0.7773774905000229 -0.1732988983124268 -0.006746179425423586 0.7132884087340554 -1.4669171053181238 2
HH0647-rgb_2017_2_4_21_0_1 3125 -0.9085699556622666 -0.6912927410006877 -0.47789190258845116 0.15954003983975956 0.4176498353375875 -0.9524955329821553 -1.3205140300812148 0
HH0647-rgb_2017_2_4_21_0_1 3125 -0.0008730253520432782 -0.43885137407152724 0.6287786508371666 0.06444320036770632 -0.8555382089514458 -0.11960356212404996 -0.8081032667520337 2
HH0647-rgb_2017_2_4_21_0_1 3125 0.7555410832398095 0.3184727267159543 1.016683793275012 1.0471105415789232 -0.006746179425423586 0.0469748320475711 1.2049390177554635 2
HH0647-rgb_2017_2_4_21_0_1 8070 -0.4042938832676981 -0.43885137407152724 0.5631770458660603 0.6667231836907103 0.629847842719093 0.3801316203908132 0.5095244103801463 1
HH0647-rgb_2017_2_4_21_0_1 7425 -0.4042938832676981 -0.2945991643977212 0.5660292895604563 0.6667231836907103 -0.006746179425423586 0.5467100145624343 0.802330560853964 1
HH0647-rgb_2017_2_4_21_0_1 1040 -0.0008730253520432782 -0.2945991643977212 0.7599818607793789 0.6191747639546836 -0.43114219418843464 -0.45276035046729207 -0.0028863529490348577 2
HH0647-rgb_2017_2_4_21_0_1 410 0.049554581887413574 -0.33066221681617275 0.6858235247250849 0.3972821385198927 -0.006746179425423586 0.0469748320475711 -0.40549480985053427 2
HH0647-rgb_2017_2_4_21_0_1 4110 -0.6564319194649824 -0.5470405313268817 -0.43225600347811644 0.15954003983975956 1.478639872245115 -1.4522307154970184 -0.6250994227058976 0
HH0647-rgb_2017_2_4_21_0_1 4110 nan nan nan nan nan nan nan 0
HH0647-rgb_2017_2_4_21_0_1 2575 0.20083740360578414 -0.5831035837453332 0.6173696760595828 0.01689478063167969 -0.6433402015699402 -0.7859171388105343 -0.2224909658043982 2
HH0647-rgb_2017_2_4_21_0_1 2575 0.20083740360578414 0.8954815654111783 0.9881613563310526 1.0788094880696077 -2.128726253240479 -1.1190739271537764 0.5095244103801463 0
HH0647-rgb_2017_2_4_21_0_1 6075 -0.807714741183353 -0.6912927410006877 -0.46363068411647157 0.25463687931181284 -0.006746179425423586 -0.9524955329821553 -0.7715024979428066 1
HH0647-rgb_2017_2_4_21_0_1 7380 -0.3034386687887844 -0.33066221681617275 0.5688815332548521 0.7142716034267369 0.4176498353375875 0.3801316203908132 1.095136711327782 1
HH0647-rgb_2017_2_4_21_0_1 3680 -0.3034386687887844 -0.43885137407152724 -0.446517221950096 0.15954003983975956 -1.2799342237144569 0.3801316203908132 0.9121328672816458 1
HH0647-rgb_2017_2_4_21_0_1 3680 nan nan nan nan nan nan nan 0
HH0647-rgb_2017_2_4_21_0_1 6920 -0.6564319194649824 -0.5470405313268817 -0.4664829278108675 0.3021852990478394 0.8420458501005986 -0.286181956295671 -0.2224909658043982 1
HH0647-rgb_2017_2_4_21_0_1 6920 -0.3034386687887844 -0.33066221681617275 0.5289501215333092 0.6191747639546836 0.8420458501005986 -0.11960356212404996 0.18011749109710126 2
HH0647-rgb_2017_2_4_21_0_1 4845 nan nan nan nan nan nan nan 0
HH0647-rgb_2017_2_4_21_0_1 3870 -0.3538662760282413 -0.43885137407152724 -0.43796049086690825 0.0327442538770219 -0.8555382089514458 2.045915562107024 0.8389313296631913 1
HH0647-rgb_2017_2_4_21_0_1 3870 nan nan nan nan nan nan nan 0
HH0647-rgb_2017_2_4_21_0_1 5030 nan nan nan nan nan nan nan 0
HH0647-rgb_2017_2_4_21_0_1 7155 -0.3538662760282413 -0.43885137407152724 -0.4550739530332838 0.25463687931181284 -0.006746179425423586 0.21355322621919218 -1.5401186429365783 2
HH0647-rgb_2017_2_4_21_0_1 7155 -0.20258345430987068 -0.4027883216530757 0.537506852616497 0.6191747639546836 0.4176498353375875 0.3801316203908132 0.6925282544262824 1
HH0647-rgb_2017_2_4_21_0_1 3455 -0.3538662760282413 -0.43885137407152724 -0.848683582859921 -0.1574494250670846 0.4176498353375875 -0.6193387446389131 -0.6617001915151248 1
HH0647-rgb_2017_2_4_21_0_1 3455 -1.0094251701411803 -0.9437341079298482 -0.47218741519965934 0.06444320036770632 0.4176498353375875 -0.45276035046729207 -0.8081032667520337 1
HH0647-rgb_2017_2_4_21_0_1 3455 -0.0008730253520432782 -0.5470405313268817 0.6601533314755217 0.11199162010373294 0.4176498353375875 -0.286181956295671 -1.1009094172258516 2
HH0647-rgb_2017_2_4_21_0_1 3455 0.049554581887413574 0.5709140936451148 0.9796046252478648 0.9995621218428966 -2.3409242606219847 -0.9524955329821553 1.2415397865646907 1
HH0647-rgb_2017_2_4_21_0_1 6505 -0.807714741183353 -0.5470405313268817 -0.4579261967276797 0.15954003983975956 0.20545182795608197 0.3801316203908132 1.4611443994200541 1
HH0647-rgb_2017_2_4_21_0_1 4460 -0.0008730253520432782 -0.2945991643977212 -0.42655151608932457 0.15954003983975956 -0.43114219418843464 0.7132884087340554 0.10691595347864681 2
HH0647-rgb_2017_2_4_21_0_1 4460 -1.7658392787330333 0.2824096742975028 -1.0740108347171988 -1.3620093917130924 -0.006746179425423586 -1.6188091096686394 0.14351672228787404 0
HH0647-rgb_2017_2_4_21_0_1 160 0.251265010845241 -0.33066221681617275 0.6858235247250849 0.3972821385198927 -0.8555382089514458 -0.286181956295671 -0.3688940410413071 2
HH0647-rgb_2017_2_4_21_0_1 835 -0.10172823983095698 -0.2945991643977212 0.7599818607793789 0.6191747639546836 0.20545182795608197 -0.11960356212404996 0.2533190287155557 2
HH0647-rgb_2017_2_4_21_0_1 2950 0.6042582615214389 0.06603135978679378 0.5974039701988114 0.06444320036770632 0.20545182795608197 0.5467100145624343 -0.515297116278216 2
HH0647-rgb_2017_2_4_21_0_1 2950 0.5538306542819821 0.7872924081558238 0.9653434067758853 1.0946589613149498 -1.704330238477468 -1.4522307154970184 0.5461251791893735 2
HH0647-rgb_2017_2_4_21_0_1 7800 -0.6060043122255255 -0.2945991643977212 0.5574725584772685 0.6667231836907103 0.4176498353375875 0.3801316203908132 0.4729236415709191 1
HH0647-rgb_2017_2_4_21_0_1 5965 3.3777766596915657 4.7542281741854895 0.5089844156725378 -0.1574494250670846 0.629847842719093 -1.6188091096686394 0.21671825990632848 2
HH0647-rgb_2017_2_4_21_0_1 7815 -0.20258345430987068 -0.1503469547239152 0.5546203147828725 0.6667231836907103 0.4176498353375875 0.5467100145624343 0.2533190287155557 2
HH0647-rgb_2017_2_4_21_0_1 5970 1.3606723701132917 3.9969040733980075 1.153591490606016 -0.1574494250670846 2.327431901771137 -1.6188091096686394 -0.5518978850874432 2
HH0647-rgb_2017_2_4_21_0_1 820 -0.0008730253520432782 -0.2945991643977212 0.7599818607793789 0.6667231836907103 0.20545182795608197 -0.9524955329821553 0.3631213351432374 2
HH0647-rgb_2017_2_4_21_0_1 2945 0.5034030470425253 0.10209441220524529 0.6059607012819991 0.01689478063167969 -0.006746179425423586 0.3801316203908132 -0.40549480985053427 2
HH0647-rgb_2017_2_4_21_0_1 2945 0.5538306542819821 0.4266618839713088 0.976752381553469 1.0471105415789232 -0.43114219418843464 -0.11960356212404996 1.4977451682292813 2
HH0647-rgb_2017_2_4_21_0_1 6510 -0.6564319194649824 -0.5470405313268817 -0.44936946564449193 0.25463687931181284 0.20545182795608197 -1.2856523213253974 -0.844704035561261 1
HH0647-rgb_2017_2_4_21_0_1 175 0.20083740360578414 -0.33066221681617275 0.6858235247250849 0.34973371878386605 -0.8555382089514458 -0.7859171388105343 -0.6250994227058976 2
HH0647-rgb_2017_2_4_21_0_1 4475 -0.7068595267044392 -0.43885137407152724 -0.4294037597837205 0.11199162010373294 1.054243857482104 -1.6188091096686394 -0.14928942818594376 0
HH0647-rgb_2017_2_4_21_0_1 3440 -0.05130063259150013 -0.2945991643977212 -0.8429790954711291 -0.1574494250670846 0.8420458501005986 1.3796019854205397 -0.9911071107981698 2
HH0647-rgb_2017_2_4_21_0_1 3440 -0.7068595267044392 -0.6912927410006877 -0.446517221950096 -0.030653639104346937 -0.006746179425423586 -0.11960356212404996 -0.515297116278216 1
HH0647-rgb_2017_2_4_21_0_1 3440 0.7051134760003527 -0.07822084988701222 0.608812944976395 0.06444320036770632 -0.006746179425423586 -0.286181956295671 -0.33229327223207983 2
HH0647-rgb_2017_2_4_21_0_1 3440 0.251265010845241 0.4987879888082118 0.9824568689422608 0.95201370210687 -1.0677362163329513 1.0464451970772974 2.04675670036769 2
HH0647-rgb_2017_2_4_21_0_1 7140 -0.3538662760282413 -0.5470405313268817 -0.4664829278108675 0.25463687931181284 -0.43114219418843464 0.3801316203908132 -0.7715024979428066 2
HH0647-rgb_2017_2_4_21_0_1 7140 -0.20258345430987068 -0.4027883216530757 0.537506852616497 0.6191747639546836 0.4176498353375875 0.3801316203908132 0.21671825990632848 2
HH0647-rgb_2017_2_4_21_0_1 3865 -0.4042938832676981 -0.43885137407152724 -0.43796049086690825 0.01689478063167969 -0.8555382089514458 1.8793371679354027 0.9853344049001002 1
HH0647-rgb_2017_2_4_21_0_1 3865 nan nan nan nan nan nan nan 0
HH0647-rgb_2017_2_4_21_0_1 3695 -0.6564319194649824 -0.5470405313268817 -0.44936946564449193 0.15954003983975956 -0.21894418680692912 -0.7859171388105343 -0.18589019699517098 1
HH0647-rgb_2017_2_4_21_0_1 6935 -0.7068595267044392 -0.5470405313268817 -0.4664829278108675 0.25463687931181284 -0.006746179425423586 0.5467100145624343 -0.25909173461362545 1
HH0647-rgb_2017_2_4_21_0_1 6935 -0.05130063259150013 -0.22247305956081823 0.5318023652277052 0.6350242372000258 0.4176498353375875 -0.6193387446389131 0.5461251791893735 2
HH0647-rgb_2017_2_4_21_0_1 7395 -0.6060043122255255 -0.5470405313268817 0.5688815332548521 0.6667231836907103 0.629847842719093 0.7132884087340554 0.4729236415709191 1
HH0647-rgb_2017_2_4_21_0_1 4850 nan nan nan nan nan nan nan 0
HH0647-rgb_2017_2_4_21_0_1 4105 -0.6564319194649824 -0.5470405313268817 -0.43225600347811644 0.15954003983975956 1.2664418648636095 -1.6188091096686394 -0.8081032667520337 0
HH0647-rgb_2017_2_4_21_0_1 4105 nan nan nan nan nan nan nan 0
HH0647-rgb_2017_2_4_21_0_1 405 -0.05130063259150013 -0.33066221681617275 0.6858235247250849 0.3972821385198927 -0.21894418680692912 0.21355322621919218 -0.3688940410413071 2
HH0647-rgb_2017_2_4_21_0_1 6060 -0.3538662760282413 -0.5470405313268817 -0.4579261967276797 0.2070884595757862 -0.21894418680692912 0.3801316203908132 -0.9911071107981698 2
HH0647-rgb_2017_2_4_21_0_1 2560 0.1504097963663273 -0.5470405313268817 0.608812944976395 -0.014804165859004728 -0.8555382089514458 -0.7859171388105343 -0.5884986538966704 2
HH0647-rgb_2017_2_4_21_0_1 2560 0.8563962977187233 0.6069771460635663 1.0566152049965547 0.8569168626348167 -0.43114219418843464 0.21355322621919218 1.3879428618015996 2
HH0647-rgb_2017_2_4_21_0_1 7430 -0.4042938832676981 -0.33066221681617275 0.5603248021716644 0.6667231836907103 0.20545182795608197 0.5467100145624343 0.6559274856170552 1
HH0647-rgb_2017_2_4_21_0_1 3130 -0.3538662760282413 -0.2945991643977212 -0.7773774905000229 -0.1574494250670846 -0.006746179425423586 0.8798668029056764 -1.64992094936426 2
HH0647-rgb_2017_2_4_21_0_1 3130 -1.0094251701411803 -0.8355449506744937 -0.47503965889405525 0.2070884595757862 0.4176498353375875 -0.9524955329821553 -1.1375101860350787 0
HH0647-rgb_2017_2_4_21_0_1 3130 -0.0008730253520432782 -0.2945991643977212 0.6259264071427706 0.06444320036770632 -0.21894418680692912 0.7132884087340554 -0.4420955786597615 2
HH0647-rgb_2017_2_4_21_0_1 3130 0.5538306542819821 0.7512293557373723 0.976752381553469 0.9995621218428966 -2.977518282766501 -0.6193387446389131 1.5709467058477358 2
HH0647-rgb_2017_2_4_21_0_1 8065 -0.10172823983095698 -0.43885137407152724 0.5631770458660603 0.6667231836907103 -0.6433402015699402 0.3801316203908132 0.7657297920447369 1
HH0647-rgb_2017_2_4_21_0_1 1055 -0.0008730253520432782 -0.2945991643977212 0.7514251296961911 0.6191747639546836 -0.43114219418843464 -0.286181956295671 -0.0028863529490348577 2
HH0647-rgb_2017_2_4_21_0_1 3905 -0.4042938832676981 -0.5470405313268817 -0.44936946564449193 0.06444320036770632 -0.6433402015699402 1.3796019854205397 1.278140555373918 1
HH0647-rgb_2017_2_4_21_0_1 5390 nan nan nan nan nan nan nan 0
HH0647-rgb_2017_2_4_21_0_1 6855 -0.7068595267044392 -0.5470405313268817 -0.4664829278108675 0.25463687931181284 1.054243857482104 0.3801316203908132 0.033714415860192366 1
HH0647-rgb_2017_2_4_21_0_1 6855 -0.15215584707041385 -0.43885137407152724 0.537506852616497 0.6350242372000258 0.8420458501005986 0.0469748320475711 0.5461251791893735 2
HH0647-rgb_2017_2_4_21_0_1 6100 -1.0094251701411803 -0.6912927410006877 -0.46363068411647157 0.2070884595757862 0.20545182795608197 -0.11960356212404996 -0.6250994227058976 0
HH0647-rgb_2017_2_4_21_0_1 565 0.40254783256361154 -0.33066221681617275 0.7685385918625667 0.7142716034267369 0.20545182795608197 -0.286181956295671 0.07031518466941959 2
HH0647-rgb_2017_2_4_21_0_1 4065 -0.7068595267044392 -0.6912927410006877 -0.4294037597837205 0.15954003983975956 1.6908378796266206 -0.11960356212404996 -0.40549480985053427 0
HH0647-rgb_2017_2_4_21_0_1 1135 0.40254783256361154 -0.2945991643977212 0.7514251296961911 0.6191747639546836 -0.6433402015699402 -0.9524955329821553 -0.5884986538966704 2
HH0647-rgb_2017_2_4_21_0_1 5435 nan nan nan nan nan nan nan 0
HH0647-rgb_2017_2_4_21_0_1 8105 -0.4042938832676981 -0.43885137407152724 0.5631770458660603 0.7142716034267369 0.8420458501005986 0.5467100145624343 0.7291290232355097 1
HH0647-rgb_2017_2_4_21_0_1 3050 -0.4042938832676981 -0.2945991643977212 -0.7773774905000229 -0.1732988983124268 -0.006746179425423586 0.5467100145624343 -1.64992094936426 2
HH0647-rgb_2017_2_4_21_0_1 3050 -1.2111355990990078 0.7151663033189208 -0.12136144078896094 -1.029170453560906 0.20545182795608197 -0.6193387446389131 1.8637528563215535 0
HH0647-rgb_2017_2_4_21_0_1 3050 -0.0008730253520432782 0.02996830736834228 0.5831427517268317 0.11199162010373294 -0.43114219418843464 0.3801316203908132 1.1683382489462364 1
HH0647-rgb_2017_2_4_21_0_1 3050 0.5538306542819821 0.02996830736834228 1.0252405243581997 1.0471105415789232 0.8420458501005986 0.5467100145624343 0.6193267168078279 2
HH0647-rgb_2017_2_4_21_0_1 7550 -0.6060043122255255 -0.5109774789084303 0.5660292895604563 0.7142716034267369 1.054243857482104 0.3801316203908132 0.9121328672816458 1
HH0647-rgb_2017_2_4_21_0_1 7975 -0.5051490977466118 -0.36672526923462423 0.5517680710884766 0.6667231836907103 0.20545182795608197 1.0464451970772974 0.18011749109710126 1
HH0647-rgb_2017_2_4_21_0_1 3285 -0.3538662760282413 -0.2945991643977212 -0.8344223643879414 -0.20499784480311123 0.8420458501005986 0.8798668029056764 -1.174110954844306 2
HH0647-rgb_2017_2_4_21_0_1 3285 -0.7068595267044392 -0.6912927410006877 -0.46363068411647157 0.15954003983975956 -0.006746179425423586 -0.45276035046729207 -1.174110954844306 1
HH0647-rgb_2017_2_4_21_0_1 3285 -0.10172823983095698 -0.2945991643977212 0.5831427517268317 0.06444320036770632 -0.006746179425423586 0.21355322621919218 -0.40549480985053427 2
HH0647-rgb_2017_2_4_21_0_1 7785 -0.3034386687887844 -0.43885137407152724 0.5631770458660603 0.6667231836907103 -0.006746179425423586 0.0469748320475711 0.2533190287155557 1
HH0647-rgb_2017_2_4_21_0_1 2825 -0.5051490977466118 -0.43885137407152724 0.6373353819203543 0.15954003983975956 -0.006746179425423586 -0.6193387446389131 -0.9545063419889426 1
HH0647-rgb_2017_2_4_21_0_1 2825 0.4529754398030684 0.7872924081558238 0.9824568689422608 1.0946589613149498 -2.977518282766501 -0.9524955329821553 0.7291290232355097 2
HH0647-rgb_2017_2_4_21_0_1 940 0.09998218912687043 -0.18641000714236672 0.7571296170849829 0.6191747639546836 -0.006746179425423586 -0.9524955329821553 0.033714415860192366 2
HH0647-rgb_2017_2_4_21_0_1 4515 -0.3538662760282413 -0.43885137407152724 -0.4294037597837205 0.11199162010373294 -1.2799342237144569 1.5461803795921607 1.3879428618015996 1
HH0647-rgb_2017_2_4_21_0_1 15 0.049554581887413574 -0.33066221681617275 0.6858235247250849 0.3972821385198927 -0.43114219418843464 0.21355322621919218 -0.25909173461362545 2
HH0647-rgb_2017_2_4_21_0_1 6470 -0.6564319194649824 -0.6912927410006877 -0.47789190258845116 0.25463687931181284 -0.43114219418843464 0.7132884087340554 -0.29569250342285264 1
HH0647-rgb_2017_2_4_21_0_1 7020 -0.6564319194649824 -0.5470405313268817 -0.4579261967276797 0.25463687931181284 0.8420458501005986 -0.45276035046729207 -0.515297116278216 1
HH0647-rgb_2017_2_4_21_0_1 7020 -0.05130063259150013 -0.22247305956081823 0.5318023652277052 0.6350242372000258 0.629847842719093 -0.286181956295671 0.5461251791893735 2
HH0647-rgb_2017_2_4_21_0_1 3520 0.3521202253241547 -0.18641000714236672 -0.81445665852717 -0.1574494250670846 1.478639872245115 1.5461803795921607 -0.29569250342285264 2
HH0647-rgb_2017_2_4_21_0_1 3520 -1.0094251701411803 -0.8355449506744937 -0.483596389977243 0.06444320036770632 -0.006746179425423586 -0.11960356212404996 -0.5518978850874432 1
HH0647-rgb_2017_2_4_21_0_1 3520 0.30169261808469783 -0.18641000714236672 0.6145174323651869 0.11199162010373294 0.20545182795608197 0.5467100145624343 -0.18589019699517098 2
HH0647-rgb_2017_2_4_21_0_1 5635 1.5119551918316623 4.393597650000974 -1.03122717930126 0.5399273977279726 -1.704330238477468 -2.784857868869987 2.2297605444138258 0
HH0647-rgb_2017_2_4_21_0_1 995 -0.10172823983095698 -0.18641000714236672 0.7571296170849829 0.6191747639546836 -0.006746179425423586 -0.9524955329821553 0.3631213351432374 2
HH0647-rgb_2017_2_4_21_0_1 8305 -0.3034386687887844 -0.43885137407152724 0.5631770458660603 0.6667231836907103 -0.006746179425423586 0.3801316203908132 0.21671825990632848 2
HH0647-rgb_2017_2_4_21_0_1 3250 -0.6564319194649824 0.2463466218790513 -0.7231848603065004 -0.1574494250670846 -1.4921322310959624 -1.6188091096686394 -1.9793278686473048 0
HH0647-rgb_2017_2_4_21_0_1 3250 -0.7068595267044392 -0.5470405313268817 -0.4664829278108675 0.2070884595757862 0.4176498353375875 -1.2856523213253974 -1.027707879607397 0
HH0647-rgb_2017_2_4_21_0_1 3250 0.20083740360578414 -0.07822084988701222 0.5859949954212277 0.06444320036770632 -0.21894418680692912 0.21355322621919218 0.07031518466941959 2
HH0647-rgb_2017_2_4_21_0_1 3250 0.1504097963663273 0.5709140936451148 0.9796046252478648 0.95201370210687 -2.128726253240479 -0.286181956295671 1.8271520875123264 1
HH0647-rgb_2017_2_4_21_0_1 7750 -0.3034386687887844 -0.43885137407152724 0.5631770458660603 0.6667231836907103 -0.006746179425423586 0.3801316203908132 0.14351672228787404 2
HH0647-rgb_2017_2_4_21_0_1 2600 0.5034030470425253 -0.2945991643977212 0.608812944976395 0.01689478063167969 -0.8555382089514458 -0.286181956295671 0.033714415860192366 2
HH0647-rgb_2017_2_4_21_0_1 6300 -0.3538662760282413 -0.5470405313268817 -0.47503965889405525 0.3021852990478394 -0.8555382089514458 0.7132884087340554 -0.29569250342285264 1
HH0647-rgb_2017_2_4_21_0_1 765 -0.4042938832676981 -0.2945991643977212 0.7599818607793789 0.6191747639546836 0.20545182795608197 -0.9524955329821553 0.5461251791893735 1
HH0647-rgb_2017_2_4_21_0_1 4265 -0.7068595267044392 -0.6912927410006877 -0.4294037597837205 -0.030653639104346937 -0.006746179425423586 2.045915562107024 -0.4786963474689887 1
HH0647-rgb_2017_2_4_21_0_1 3720 -0.3034386687887844 -0.43885137407152724 -0.446517221950096 0.15954003983975956 -1.0677362163329513 0.0469748320475711 1.3513420929923725 1
HH0647-rgb_2017_2_4_21_0_1 3720 nan nan nan nan nan nan nan 0
HH0647-rgb_2017_2_4_21_0_1 6880 -0.3538662760282413 -0.5470405313268817 -0.4664829278108675 0.25463687931181284 0.20545182795608197 0.21355322621919218 -0.29569250342285264 1
HH0647-rgb_2017_2_4_21_0_1 6880 -0.05130063259150013 -0.43885137407152724 0.537506852616497 0.6350242372000258 0.4176498353375875 0.3801316203908132 0.7291290232355097 2
HH0647-rgb_2017_2_4_21_0_1 5345 nan nan nan nan nan nan nan 0
HH0647-rgb_2017_2_4_21_0_1 4715 0.3521202253241547 -0.22247305956081823 -0.8886149945814639 -0.25254626453913787 0.20545182795608197 0.8798668029056764 2.2297605444138258 1
HH0647-rgb_2017_2_4_21_0_1 215 0.251265010845241 -0.33066221681617275 0.6858235247250849 0.3972821385198927 -0.6433402015699402 -0.9524955329821553 -0.8813048043704882 2
HH0647-rgb_2017_2_4_21_0_1 6670 -0.7572871339438961 -0.6912927410006877 -0.4950053647548267 0.25463687931181284 -0.8555382089514458 0.5467100145624343 0.07031518466941959 1
HH0647-rgb_2017_2_4_21_0_1 6670 -0.20258345430987068 -0.5109774789084303 0.540359096310893 0.571626344218657 -0.006746179425423586 0.0469748320475711 0.3997221039524646 1
HH0647-rgb_2017_2_4_21_0_1 3085 -0.4042938832676981 -0.43885137407152724 -0.7802297341944189 -0.1732988983124268 0.4176498353375875 1.3796019854205397 -0.9545063419889426 2
HH0647-rgb_2017_2_4_21_0_1 3085 -2.0179773149303175 -0.18641000714236672 -0.4208470287005327 -0.9499230873341951 -0.6433402015699402 -2.1185442921835027 0.802330560853964 0
HH0647-rgb_2017_2_4_21_0_1 3085 -0.0008730253520432782 -0.2945991643977212 0.6259264071427706 0.11199162010373294 -0.21894418680692912 0.3801316203908132 0.033714415860192366 2
HH0647-rgb_2017_2_4_21_0_1 7585 -0.4042938832676981 -0.4027883216530757 0.5631770458660603 0.6191747639546836 -0.21894418680692912 0.3801316203908132 -0.0028863529490348577 2
HH0647-rgb_2017_2_4_21_0_1 5225 nan nan nan nan nan nan nan 0
HH0647-rgb_2017_2_4_21_0_1 3640 -0.3538662760282413 -0.43885137407152724 -0.446517221950096 0.11199162010373294 -1.0677362163329513 0.7132884087340554 1.8637528563215535 1
HH0647-rgb_2017_2_4_21_0_1 7340 -0.3034386687887844 -0.33066221681617275 0.5688815332548521 0.7142716034267369 1.2664418648636095 0.3801316203908132 1.095136711327782 1
HH0647-rgb_2017_2_4_21_0_1 6710 -0.6564319194649824 -0.43885137407152724 -0.4550739530332838 0.25463687931181284 0.8420458501005986 -0.286181956295671 -0.6250994227058976 0
HH0647-rgb_2017_2_4_21_0_1 6710 -0.05130063259150013 -0.43885137407152724 0.537506852616497 0.6350242372000258 0.4176498353375875 -0.11960356212404996 0.7291290232355097 2
HH0647-rgb_2017_2_4_21_0_1 375 0.3521202253241547 -0.18641000714236672 0.6886757684194809 0.3972821385198927 -0.6433402015699402 0.3801316203908132 -0.5884986538966704 2
HH0647-rgb_2017_2_4_21_0_1 4675 -0.3034386687887844 -0.5470405313268817 -0.44081273456130415 0.15954003983975956 -1.0677362163329513 0.3801316203908132 1.6441482434661903 1
HH0647-rgb_2017_2_4_21_0_1 4675 0.049554581887413574 -0.36672526923462423 -0.8743537761094843 -0.25254626453913787 -0.006746179425423586 1.8793371679354027 2.449365157269189 1
HH0647-rgb_2017_2_4_21_0_1 4675 nan nan nan nan nan nan nan 0
HH0647-rgb_2017_2_4_21_0_1 1080 -0.3034386687887844 -0.43885137407152724 0.7542773733905871 0.6191747639546836 -0.006746179425423586 -0.11960356212404996 0.033714415860192366 2
HH0647-rgb_2017_2_4_21_0_1 7630 -0.5051490977466118 -0.36672526923462423 0.5603248021716644 0.6667231836907103 0.4176498353375875 0.7132884087340554 0.5095244103801463 1
HH0647-rgb_2017_2_4_21_0_1 2990 -0.7068595267044392 -0.43885137407152724 -0.7802297341944189 -0.1732988983124268 -0.21894418680692912 -0.286181956295671 -0.6617001915151248 0
HH0647-rgb_2017_2_4_21_0_1 2990 -1.1102803846200942 -0.18641000714236672 0.8141744909729014 -1.4254072846944612 0.20545182795608197 -0.9524955329821553 -0.7349017291335793 0
HH0647-rgb_2017_2_4_21_0_1 2990 0.30169261808469783 -0.43885137407152724 0.6373353819203543 0.06444320036770632 -1.0677362163329513 -0.7859171388105343 -0.844704035561261 2
HH0647-rgb_2017_2_4_21_0_1 2990 0.7555410832398095 0.3184727267159543 1.016683793275012 0.9995621218428966 -0.006746179425423586 0.21355322621919218 1.131737480137009 2
HH0647-rgb_2017_2_4_21_0_1 3330 0.1504097963663273 0.2824096742975028 -0.7574117846392515 -0.1574494250670846 0.20545182795608197 -0.6193387446389131 -2.7479440136410767 2
HH0647-rgb_2017_2_4_21_0_1 3330 -0.7572871339438961 -0.5470405313268817 -0.4664829278108675 0.15954003983975956 -0.006746179425423586 -0.6193387446389131 -1.1009094172258516 0
HH0647-rgb_2017_2_4_21_0_1 3330 -0.0008730253520432782 -0.00609474505010922 0.574586020643644 0.06444320036770632 -0.21894418680692912 0.5467100145624343 -0.29569250342285264 2
HH0647-rgb_2017_2_4_21_0_1 8265 -0.20258345430987068 -0.1503469547239152 0.5546203147828725 0.6667231836907103 1.2664418648636095 0.8798668029056764 0.5095244103801463 2
HH0647-rgb_2017_2_4_21_0_1 4305 -0.7068595267044392 -0.6912927410006877 -0.4294037597837205 -0.030653639104346937 -0.006746179425423586 2.045915562107024 0.18011749109710126 1
HH0647-rgb_2017_2_4_21_0_1 605 0.30169261808469783 -0.33066221681617275 0.7685385918625667 0.6667231836907103 0.4176498353375875 -0.11960356212404996 0.3631213351432374 2
HH0647-rgb_2017_2_4_21_0_1 6260 -0.7572871339438961 -0.6912927410006877 -0.47789190258845116 0.3021852990478394 -0.43114219418843464 0.5467100145624343 -0.4786963474689887 1
HH0647-rgb_2017_2_4_21_0_1 2760 0.20083740360578414 -0.5470405313268817 0.6259264071427706 0.06444320036770632 -0.8555382089514458 -0.45276035046729207 -0.6250994227058976 2
HH0647-rgb_2017_2_4_21_0_1 2760 0.4529754398030684 0.4627249363897603 1.0024225748030322 1.0471105415789232 -1.4921322310959624 -0.9524955329821553 1.0219351737093274 2
HH0647-rgb_2017_2_4_21_0_1 3495 -0.6060043122255255 -0.43885137407152724 -0.848683582859921 -0.1732988983124268 0.4176498353375875 -0.9524955329821553 -0.9911071107981698 0
HH0647-rgb_2017_2_4_21_0_1 3495 -1.0094251701411803 -0.9437341079298482 -0.48930087736603484 0.06444320036770632 -0.006746179425423586 0.0469748320475711 -0.9545063419889426 1
HH0647-rgb_2017_2_4_21_0_1 7195 -0.7068595267044392 -0.5470405313268817 -0.4579261967276797 0.25463687931181284 -0.006746179425423586 -0.45276035046729207 -1.2107117236535332 1
HH0647-rgb_2017_2_4_21_0_1 7195 -0.4042938832676981 -0.4027883216530757 0.5289501215333092 0.571626344218657 0.20545182795608197 0.0469748320475711 0.10691595347864681 1
HH0647-rgb_2017_2_4_21_0_1 7180 -0.7068595267044392 -0.5470405313268817 -0.4579261967276797 0.25463687931181284 0.629847842719093 -0.45276035046729207 -1.1375101860350787 0
HH0647-rgb_2017_2_4_21_0_1 7180 -0.10172823983095698 -0.4749144264899787 0.5318023652277052 0.571626344218657 -0.43114219418843464 0.0469748320475711 0.14351672228787404 2
HH0647-rgb_2017_2_4_21_0_1 3480 -0.0008730253520432782 -0.2945991643977212 -0.8429790954711291 -0.1732988983124268 1.054243857482104 0.7132884087340554 -0.5884986538966704 2
HH0647-rgb_2017_2_4_21_0_1 3480 -1.1102803846200942 -0.8355449506744937 -0.4921531210604308 0.06444320036770632 0.20545182795608197 -0.45276035046729207 -0.9545063419889426 0
HH0647-rgb_2017_2_4_21_0_1 3480 0.09998218912687043 -0.43885137407152724 0.6287786508371666 0.15954003983975956 1.054243857482104 0.3801316203908132 -0.14928942818594376 2
HH0647-rgb_2017_2_4_21_0_1 3480 -0.05130063259150013 -0.33066221681617275 1.0280927680525955 1.0471105415789232 1.054243857482104 0.5467100145624343 0.14351672228787404 2
HH0647-rgb_2017_2_4_21_0_1 610 0.7051134760003527 -0.33066221681617275 0.7685385918625667 0.6667231836907103 -0.006746179425423586 -0.7859171388105343 0.802330560853964 2
HH0647-rgb_2017_2_4_21_0_1 4310 -0.7068595267044392 -0.5470405313268817 -0.43225600347811644 -0.030653639104346937 -0.006746179425423586 2.379072350450266 -1.2839132612719877 2
HH0647-rgb_2017_2_4_21_0_1 2775 -0.0008730253520432782 -0.43885137407152724 0.6287786508371666 0.01689478063167969 -0.8555382089514458 0.0469748320475711 -0.0760878905674893 2
HH0647-rgb_2017_2_4_21_0_1 2775 0.20083740360578414 -0.04215779746856072 1.0280927680525955 1.0788094880696077 0.4176498353375875 -1.4522307154970184 1.3879428618015996 2
HH0647-rgb_2017_2_4_21_0_1 6275 0.049554581887413574 -0.43885137407152724 -0.48074414628284706 0.3021852990478394 0.4176498353375875 0.0469748320475711 -0.2224909658043982 2
HH0647-rgb_2017_2_4_21_0_1 3325 0.1504097963663273 -0.04215779746856072 -0.7659685157224393 -0.1574494250670846 -0.21894418680692912 -0.11960356212404996 -2.4185370943580313 2
HH0647-rgb_2017_2_4_21_0_1 3325 -0.7068595267044392 -0.6912927410006877 -0.46363068411647157 0.11199162010373294 -0.21894418680692912 0.5467100145624343 -0.33229327223207983 1
HH0647-rgb_2017_2_4_21_0_1 3325 0.09998218912687043 -0.04215779746856072 0.5774382643380399 0.01689478063167969 -0.006746179425423586 0.21355322621919218 -0.0028863529490348577 2
HH0647-rgb_2017_2_4_21_0_1 3325 0.4529754398030684 0.4627249363897603 1.0024225748030322 1.0471105415789232 -0.43114219418843464 -0.7859171388105343 1.7173497810846448 2
HH0647-rgb_2017_2_4_21_0_1 8270 -0.3034386687887844 -0.43885137407152724 0.5631770458660603 0.6667231836907103 -0.21894418680692912 0.5467100145624343 0.10691595347864681 2
HH0647-rgb_2017_2_4_21_0_1 7625 -0.3034386687887844 -0.43885137407152724 0.5631770458660603 0.6667231836907103 0.20545182795608197 0.3801316203908132 0.21671825990632848 2
HH0647-rgb_2017_2_4_21_0_1 2985 -0.5051490977466118 -0.5831035837453332 -0.7517072972504597 -0.1732988983124268 0.629847842719093 1.7127587737637817 -0.11268865937671653 1
HH0647-rgb_2017_2_4_21_0_1 2985 -1.4128460280568351 -0.33066221681617275 0.8113222472785055 -1.4254072846944612 0.20545182795608197 -0.9524955329821553 -0.515297116278216 0
HH0647-rgb_2017_2_4_21_0_1 2985 -0.0008730253520432782 -0.5470405313268817 0.6344831382259584 0.06444320036770632 -0.6433402015699402 0.21355322621919218 -0.4420955786597615 2
HH0647-rgb_2017_2_4_21_0_1 1095 -0.20258345430987068 -0.2945991643977212 0.7514251296961911 0.6191747639546836 -0.21894418680692912 -1.1190739271537764 0.5461251791893735 1
HH0647-rgb_2017_2_4_21_0_1 6705 -0.9589975629017234 -0.6912927410006877 -0.4550739530332838 0.25463687931181284 0.20545182795608197 -0.286181956295671 -0.7349017291335793 0
HH0647-rgb_2017_2_4_21_0_1 6705 -0.10172823983095698 -0.5470405313268817 0.5432113400052888 0.571626344218657 -0.8555382089514458 -0.6193387446389131 0.07031518466941959 2
HH0647-rgb_2017_2_4_21_0_1 4660 -0.6060043122255255 -0.5470405313268817 -0.4579261967276797 0.2070884595757862 -0.6433402015699402 -1.6188091096686394 -0.03948712175826208 1
HH0647-rgb_2017_2_4_21_0_1 4660 0.1504097963663273 -0.07822084988701222 -0.8772060198038802 -0.25254626453913787 -0.6433402015699402 2.379072350450266 2.412764388459962 1
HH0647-rgb_2017_2_4_21_0_1 4660 nan nan nan nan nan nan nan 0
HH0647-rgb_2017_2_4_21_0_1 360 -0.05130063259150013 -0.33066221681617275 0.6858235247250849 0.34973371878386605 -0.8555382089514458 -0.7859171388105343 -0.6617001915151248 2
HH0647-rgb_2017_2_4_21_0_1 5230 nan nan nan nan nan nan nan 0
HH0647-rgb_2017_2_4_21_0_1 7355 -0.807714741183353 -0.5470405313268817 0.5603248021716644 0.6667231836907103 1.054243857482104 0.0469748320475711 0.6925282544262824 1
HH0647-rgb_2017_2_4_21_0_1 3655 -0.6060043122255255 -0.5470405313268817 -0.44936946564449193 0.15954003983975956 1.054243857482104 -2.1185442921835027 -0.18589019699517098 0
HH0647-rgb_2017_2_4_21_0_1 7590 -0.20258345430987068 -0.4749144264899787 0.5660292895604563 0.6191747639546836 -1.0677362163329513 -0.286181956295671 -0.18589019699517098 2
HH0647-rgb_2017_2_4_21_0_1 3090 -0.6564319194649824 -0.5470405313268817 -0.7745252468056271 -0.1574494250670846 -0.006746179425423586 -0.11960356212404996 -1.9061263310288503 0
HH0647-rgb_2017_2_4_21_0_1 3090 -2.0684049221697745 -0.18641000714236672 -0.4294037597837205 -0.9023746675981684 -0.006746179425423586 -1.6188091096686394 1.6807490122754174 0
HH0647-rgb_2017_2_4_21_0_1 3090 -0.0008730253520432782 -0.2945991643977212 0.6259264071427706 0.11199162010373294 -0.21894418680692912 0.0469748320475711 -0.0760878905674893 2
HH0647-rgb_2017_2_4_21_0_1 200 0.3521202253241547 -0.18641000714236672 0.6886757684194809 0.3972821385198927 -0.6433402015699402 0.3801316203908132 -0.5518978850874432 2
HH0647-rgb_2017_2_4_21_0_1 4700 0.3521202253241547 -0.18641000714236672 -0.8715015324150884 -0.25254626453913787 -0.006746179425423586 2.712229138793508 2.412764388459962 1
HH0647-rgb_2017_2_4_21_0_1 4700 0.9572515121976369 4.213282387908716 -0.5720159445035166 0.7459705499174213 -1.4921322310959624 2.045915562107024 1.790551318703099 0
HH0647-rgb_2017_2_4_21_0_1 6665 -0.9589975629017234 -0.6912927410006877 -0.4950053647548267 0.3021852990478394 -0.006746179425423586 -0.286181956295671 -0.25909173461362545 1
HH0647-rgb_2017_2_4_21_0_1 6665 -0.4042938832676981 -0.36672526923462423 0.534654608922101 0.6191747639546836 0.4176498353375875 -0.45276035046729207 0.3631213351432374 1
HH0647-rgb_2017_2_4_21_0_1 3735 -0.3034386687887844 -0.43885137407152724 -0.446517221950096 0.15954003983975956 -1.4921322310959624 0.7132884087340554 0.9121328672816458 1
HH0647-rgb_2017_2_4_21_0_1 6895 -0.7068595267044392 -0.5470405313268817 -0.4664829278108675 0.25463687931181284 0.629847842719093 0.3801316203908132 -0.11268865937671653 1
HH0647-rgb_2017_2_4_21_0_1 6895 -0.25301106154932756 -0.4749144264899787 0.540359096310893 0.6350242372000258 0.8420458501005986 0.3801316203908132 0.6559274856170552 1
HH0647-rgb_2017_2_4_21_0_1 5350 nan nan nan nan nan nan nan 0
HH0647-rgb_2017_2_4_21_0_1 5185 nan nan nan nan nan nan nan 0
HH0647-rgb_2017_2_4_21_0_1 6315 -0.3538662760282413 -0.5470405313268817 -0.47503965889405525 0.3021852990478394 -0.43114219418843464 0.7132884087340554 -0.18589019699517098 1
HH0647-rgb_2017_2_4_21_0_1 2615 0.30169261808469783 -0.18641000714236672 0.5974039701988114 0.06444320036770632 -0.006746179425423586 0.5467100145624343 -0.515297116278216 2
HH0647-rgb_2017_2_4_21_0_1 2615 0.4529754398030684 0.7872924081558238 0.9910136000254486 1.0471105415789232 -2.128726253240479 -0.9524955329821553 0.6193267168078279 2
HH0647-rgb_2017_2_4_21_0_1 4270 -0.7068595267044392 -0.6912927410006877 -0.4294037597837205 -0.030653639104346937 -0.006746179425423586 2.045915562107024 -0.4420955786597615 1
HH0647-rgb_2017_2_4_21_0_1 770 -0.0008730253520432782 -0.2945991643977212 0.7599818607793789 0.6191747639546836 -0.006746179425423586 -0.11960356212404996 -0.25909173461362545 2
HH0647-rgb_2017_2_4_21_0_1 5620 -0.05130063259150013 6.016435008831292 -1.4219845654335013 2.378466294187669 nan nan nan 0
HH0647-rgb_2017_2_4_21_0_1 980 0.40254783256361154 -0.18641000714236672 0.7571296170849829 0.6191747639546836 -0.8555382089514458 -0.45276035046729207 -0.29569250342285264 2
HH0647-rgb_2017_2_4_21_0_1 7745 -0.5051490977466118 -0.36672526923462423 0.5603248021716644 0.6667231836907103 0.4176498353375875 0.8798668029056764 -0.0760878905674893 2
HH0647-rgb_2017_2_4_21_0_1 8310 -0.4042938832676981 -0.43885137407152724 0.5631770458660603 0.7142716034267369 1.054243857482104 0.5467100145624343 0.3997221039524646 2
HH0647-rgb_2017_2_4_21_0_1 3245 -0.9085699556622666 0.1381574646236968 -0.7203326166121046 -0.07820205884037357 -0.43114219418843464 -1.6188091096686394 -2.015928637456532 0
HH0647-rgb_2017_2_4_21_0_1 3245 -0.7068595267044392 -0.5470405313268817 -0.4664829278108675 0.2070884595757862 0.4176498353375875 -1.2856523213253974 -1.2473124924627603 0
HH0647-rgb_2017_2_4_21_0_1 3245 -0.0008730253520432782 0.02996830736834228 0.574586020643644 0.11199162010373294 -0.21894418680692912 0.5467100145624343 0.2533190287155557 2
HH0647-rgb_2017_2_4_21_0_1 3245 0.049554581887413574 0.5709140936451148 0.9796046252478648 0.95201370210687 -2.3409242606219847 -0.6193387446389131 1.6441482434661903 1
HH0647-rgb_2017_2_4_21_0_1 755 -0.0008730253520432782 -0.2945991643977212 0.7599818607793789 0.6191747639546836 -0.21894418680692912 -0.11960356212404996 -0.29569250342285264 2
HH0647-rgb_2017_2_4_21_0_1 4255 -0.7068595267044392 -0.6912927410006877 -0.4294037597837205 -0.030653639104346937 -0.006746179425423586 2.212493956278645 -0.2224909658043982 1
HH0647-rgb_2017_2_4_21_0_1 2630 0.5034030470425253 -0.2945991643977212 0.608812944976395 0.01689478063167969 -0.8555382089514458 -0.45276035046729207 0.14351672228787404 2
HH0647-rgb_2017_2_4_21_0_1 2630 0.6546858687608959 0.6430401984820178 0.9938658437198445 1.0471105415789232 -1.2799342237144569 0.21355322621919218 1.3879428618015996 2
HH0647-rgb_2017_2_4_21_0_1 7990 -0.3034386687887844 -0.43885137407152724 0.5631770458660603 0.6667231836907103 -0.006746179425423586 0.5467100145624343 -0.11268865937671653 2
HH0647-rgb_2017_2_4_21_0_1 6330 -0.3538662760282413 -0.43885137407152724 -0.48074414628284706 0.3021852990478394 -0.43114219418843464 0.5467100145624343 -0.14928942818594376 1
HH0647-rgb_2017_2_4_21_0_1 8335 -0.3034386687887844 -0.43885137407152724 0.5631770458660603 0.6667231836907103 -0.006746179425423586 0.7132884087340554 0.10691595347864681 2
HH0647-rgb_2017_2_4_21_0_1 3260 -0.7572871339438961 0.02996830736834228 -0.7231848603065004 -0.10990100533105798 -0.43114219418843464 -1.4522307154970184 -2.198932481502668 0
HH0647-rgb_2017_2_4_21_0_1 3260 -0.7572871339438961 -0.6552296885822362 -0.47218741519965934 0.2070884595757862 -0.006746179425423586 -0.9524955329821553 -1.2107117236535332 1
HH0647-rgb_2017_2_4_21_0_1 3260 0.20083740360578414 -0.07822084988701222 0.5859949954212277 0.06444320036770632 -0.006746179425423586 0.3801316203908132 -0.18589019699517098 2
HH0647-rgb_2017_2_4_21_0_1 3260 0.1504097963663273 0.7151663033189208 0.976752381553469 0.9995621218428966 -2.977518282766501 -1.2856523213253974 1.0219351737093274 1
HH0647-rgb_2017_2_4_21_0_1 7760 -0.5051490977466118 -0.36672526923462423 0.5603248021716644 0.6667231836907103 0.629847842719093 0.8798668029056764 0.5461251791893735 1
HH0647-rgb_2017_2_4_21_0_1 6495 -0.807714741183353 -0.6912927410006877 -0.446517221950096 0.2070884595757862 -0.43114219418843464 -0.286181956295671 1.2415397865646907 1
HH0647-rgb_2017_2_4_21_0_1 6640 -1.1102803846200942 -0.6912927410006877 -0.4950053647548267 0.3021852990478394 -0.006746179425423586 -0.45276035046729207 -0.6983009603243521 0
HH0647-rgb_2017_2_4_21_0_1 6640 -0.3034386687887844 -0.43885137407152724 0.537506852616497 0.571626344218657 0.629847842719093 0.3801316203908132 0.21671825990632848 2
HH0647-rgb_2017_2_4_21_0_1 4725 -2.219687743888145 -0.7273557934191393 -0.43796049086690825 0.09614214685839073 -0.006746179425423586 0.5467100145624343 -0.03948712175826208 0
HH0647-rgb_2017_2_4_21_0_1 4725 0.7555410832398095 0.3184727267159543 -0.9285464063030068 -0.20499784480311123 -0.8555382089514458 0.3801316203908132 1.8271520875123264 1
HH0647-rgb_2017_2_4_21_0_1 225 0.3521202253241547 -0.18641000714236672 0.6886757684194809 0.3972821385198927 -0.8555382089514458 -0.11960356212404996 -0.3688940410413071 2
HH0647-rgb_2017_2_4_21_0_1 5375 nan nan nan nan nan nan nan 0
HH0647-rgb_2017_2_4_21_0_1 1675 nan nan nan nan nan nan nan 0
HH0647-rgb_2017_2_4_21_0_1 3710 -0.7572871339438961 -0.5470405313268817 -0.4579261967276797 0.15954003983975956 -0.21894418680692912 -1.4522307154970184 1.1683382489462364 1
HH0647-rgb_2017_2_4_21_0_1 580 0.40254783256361154 -0.33066221681617275 0.7685385918625667 0.6667231836907103 0.20545182795608197 -0.6193387446389131 0.802330560853964 2
HH0647-rgb_2017_2_4_21_0_1 4080 -0.6564319194649824 -0.5470405313268817 -0.43225600347811644 0.15954003983975956 1.903035887008126 -0.6193387446389131 -0.9179055731797154 0
HH0647-rgb_2017_2_4_21_0_1 4080 nan nan nan nan nan nan nan 0
HH0647-rgb_2017_2_4_21_0_1 345 0.251265010845241 -0.33066221681617275 0.6858235247250849 0.34973371878386605 -0.8555382089514458 -0.9524955329821553 -0.6250994227058976 2
HH0647-rgb_2017_2_4_21_0_1 4645 -0.6564319194649824 -0.6912927410006877 -0.46363068411647157 0.15954003983975956 -1.0677362163329513 0.0469748320475711 0.3631213351432374 1
HH0647-rgb_2017_2_4_21_0_1 4645 0.3521202253241547 -0.22247305956081823 -0.8629448013319007 -0.3000946842751645 0.20545182795608197 2.212493956278645 2.449365157269189 1
HH0647-rgb_2017_2_4_21_0_1 4645 nan nan nan nan nan nan nan 0
HH0647-rgb_2017_2_4_21_0_1 6720 -1.0094251701411803 -0.6912927410006877 -0.4550739530332838 0.25463687931181284 -0.43114219418843464 -0.45276035046729207 -0.8081032667520337 0
HH0647-rgb_2017_2_4_21_0_1 6720 -0.20258345430987068 -0.43885137407152724 0.537506852616497 0.571626344218657 -0.006746179425423586 0.3801316203908132 -0.14928942818594376 2
HH0647-rgb_2017_2_4_21_0_1 3880 -0.9085699556622666 -0.6912927410006877 -0.446517221950096 0.01689478063167969 0.629847842719093 -0.286181956295671 -0.33229327223207983 0
HH0647-rgb_2017_2_4_21_0_1 3880 nan nan nan nan nan nan nan 0
HH0647-rgb_2017_2_4_21_0_1 3670 -0.7068595267044392 -0.5470405313268817 -0.44936946564449193 0.15954003983975956 0.8420458501005986 -1.9519658980118817 -0.6250994227058976 0
HH0647-rgb_2017_2_4_21_0_1 3670 nan nan nan nan nan nan nan 0
HH0647-rgb_2017_2_4_21_0_1 7370 -0.6060043122255255 -0.5470405313268817 0.5688815332548521 0.6667231836907103 0.20545182795608197 1.0464451970772974 1.095136711327782 1
HH0647-rgb_2017_2_4_21_0_1 1715 nan nan nan nan nan nan nan 0
HH0647-rgb_2017_2_4_21_0_1 5215 nan nan nan nan nan nan nan 0
HH0647-rgb_2017_2_4_21_0_1 6085 -0.9589975629017234 -0.6912927410006877 -0.46363068411647157 0.2070884595757862 0.20545182795608197 0.0469748320475711 -0.6983009603243521 0
HH0647-rgb_2017_2_4_21_0_1 2585 0.5034030470425253 -0.36672526923462423 0.6202219197539788 0.06444320036770632 -1.0677362163329513 -1.2856523213253974 -0.18589019699517098 2
HH0647-rgb_2017_2_4_21_0_1 2585 0.049554581887413574 0.3545357791344058 0.9796046252478648 1.0471105415789232 -1.704330238477468 -1.1190739271537764 1.3147413241831452 1
HH0647-rgb_2017_2_4_21_0_1 8080 -0.4042938832676981 -0.43885137407152724 0.5631770458660603 0.6667231836907103 0.4176498353375875 0.7132884087340554 0.43632287276169185 1
HH0647-rgb_2017_2_4_21_0_1 6250 -0.3538662760282413 -0.5470405313268817 -0.47503965889405525 0.3021852990478394 -0.6433402015699402 0.5467100145624343 -0.0760878905674893 1
HH0647-rgb_2017_2_4_21_0_1 2750 0.30169261808469783 -0.1503469547239152 0.6031084575876032 0.11199162010373294 -0.006746179425423586 0.3801316203908132 -0.6983009603243521 2
HH0647-rgb_2017_2_4_21_0_1 2750 0.7555410832398095 0.6791032509004693 0.9881613563310526 0.8569168626348167 -0.8555382089514458 1.7127587737637817 1.3513420929923725 2
HH0647-rgb_2017_2_4_21_0_1 4335 -0.7068595267044392 -0.5470405313268817 -0.44936946564449193 0.01689478063167969 -0.006746179425423586 0.7132884087340554 0.8755320984724185 1
HH0647-rgb_2017_2_4_21_0_1 635 -0.0008730253520432782 -0.43885137407152724 0.7628341044737749 0.6667231836907103 0.4176498353375875 -0.9524955329821553 -0.4420955786597615 2
HH0647-rgb_2017_2_4_21_0_1 7600 -0.3034386687887844 -0.43885137407152724 0.5631770458660603 0.6667231836907103 -0.006746179425423586 0.21355322621919218 0.5827259479986008 1
HH0647-rgb_2017_2_4_21_0_1 3300 0.251265010845241 -0.43885137407152724 -0.8315701206935455 -0.20499784480311123 0.8420458501005986 1.2130235912489185 -0.0760878905674893 2
HH0647-rgb_2017_2_4_21_0_1 3300 -0.3034386687887844 -0.5470405313268817 -0.4579261967276797 0.11199162010373294 -0.006746179425423586 0.7132884087340554 -0.14928942818594376 1
HH0647-rgb_2017_2_4_21_0_1 3300 0.09998218912687043 -0.04215779746856072 0.5774382643380399 0.01689478063167969 -0.006746179425423586 0.21355322621919218 -0.14928942818594376 2
HH0647-rgb_2017_2_4_21_0_1 3300 0.049554581887413574 0.3184727267159543 0.9824568689422608 0.95201370210687 -0.21894418680692912 1.5461803795921607 1.753950549893872 2
HH0647-rgb_2017_2_4_21_0_1 8255 -0.3034386687887844 -0.43885137407152724 0.5631770458660603 0.6667231836907103 -0.006746179425423586 0.5467100145624343 0.033714415860192366 2
HH0647-rgb_2017_2_4_21_0_1 190 0.3521202253241547 -0.18641000714236672 0.6886757684194809 0.44483055825591933 -0.6433402015699402 0.3801316203908132 -0.0028863529490348577 2
HH0647-rgb_2017_2_4_21_0_1 4490 -0.3538662760282413 -0.43885137407152724 -0.4294037597837205 0.11199162010373294 -0.8555382089514458 1.7127587737637817 0.8389313296631913 1
HH0647-rgb_2017_2_4_21_0_1 4485 -0.3538662760282413 -0.43885137407152724 -0.4294037597837205 0.11199162010373294 -1.0677362163329513 1.3796019854205397 0.6925282544262824 1
HH0647-rgb_2017_2_4_21_0_1 185 0.3521202253241547 -0.18641000714236672 0.6886757684194809 0.3972821385198927 -0.6433402015699402 0.0469748320475711 -0.4786963474689887 2
HH0647-rgb_2017_2_4_21_0_1 3315 0.3521202253241547 -0.18641000714236672 -0.8058999274439822 -0.1574494250670846 0.8420458501005986 1.7127587737637817 -1.4303163365088964 2
HH0647-rgb_2017_2_4_21_0_1 3315 -0.8581423484228098 -0.6912927410006877 -0.46363068411647157 0.15954003983975956 0.4176498353375875 -0.6193387446389131 -1.503517874127351 0
HH0647-rgb_2017_2_4_21_0_1 3315 0.09998218912687043 -0.04215779746856072 0.5774382643380399 0.01689478063167969 -0.006746179425423586 0.21355322621919218 -0.11268865937671653 2
HH0647-rgb_2017_2_4_21_0_1 3315 0.3521202253241547 0.8233554605742753 0.973900137859073 1.0946589613149498 -2.3409242606219847 -0.9524955329821553 0.3631213351432374 2
HH0647-rgb_2017_2_4_21_0_1 8240 -0.3034386687887844 -0.36672526923462423 0.5603248021716644 0.7142716034267369 1.054243857482104 0.5467100145624343 0.5461251791893735 2
HH0647-rgb_2017_2_4_21_0_1 7615 -0.20258345430987068 -0.11428390230546372 0.5631770458660603 0.6667231836907103 0.8420458501005986 0.3801316203908132 0.43632287276169185 2
HH0647-rgb_2017_2_4_21_0_1 2745 0.6042582615214389 0.06603135978679378 0.6059607012819991 0.11199162010373294 -0.006746179425423586 0.3801316203908132 -0.25909173461362545 2
HH0647-rgb_2017_2_4_21_0_1 2745 0.3521202253241547 0.6430401984820178 0.9853091126366568 0.8569168626348167 -1.2799342237144569 0.21355322621919218 -0.03948712175826208 2
HH0647-rgb_2017_2_4_21_0_1 6245 -0.4042938832676981 -0.5470405313268817 -0.483596389977243 0.3021852990478394 -0.006746179425423586 0.5467100145624343 -0.14928942818594376 1
HH0647-rgb_2017_2_4_21_0_1 620 0.40254783256361154 -0.33066221681617275 0.7685385918625667 0.6667231836907103 0.20545182795608197 -0.6193387446389131 0.21671825990632848 2
HH0647-rgb_2017_2_4_21_0_1 4320 -0.5051490977466118 -0.6912927410006877 -0.4294037597837205 -0.030653639104346937 -0.8555382089514458 1.5461803795921607 0.8755320984724185 1
HH0647-rgb_2017_2_4_21_0_1 8095 -0.3034386687887844 -0.43885137407152724 0.5631770458660603 0.6667231836907103 -0.006746179425423586 0.7132884087340554 0.5461251791893735 1
HH0647-rgb_2017_2_4_21_0_1 2590 0.30169261808469783 -0.43885137407152724 0.6287786508371666 0.06444320036770632 -1.0677362163329513 -0.286181956295671 -0.25909173461362545 2
HH0647-rgb_2017_2_4_21_0_1 2590 -0.0008730253520432782 0.4266618839713088 0.9681956504702812 1.0788094880696077 -1.0677362163329513 -1.2856523213253974 0.10691595347864681 2
HH0647-rgb_2017_2_4_21_0_1 6090 -0.3538662760282413 -0.5470405313268817 -0.4664829278108675 0.2070884595757862 -0.006746179425423586 0.21355322621919218 -0.4420955786597615 1
HH0647-rgb_2017_2_4_21_0_1 7365 -0.6060043122255255 -0.5470405313268817 0.5688815332548521 0.6667231836907103 0.629847842719093 0.8798668029056764 0.9121328672816458 1
HH0647-rgb_2017_2_4_21_0_1 3665 -0.0008730253520432782 -0.2945991643977212 -0.4436649782557001 0.15954003983975956 -0.8555382089514458 0.5467100145624343 1.2415397865646907 1
HH0647-rgb_2017_2_4_21_0_1 3665 nan nan nan nan nan nan nan 0
HH0647-rgb_2017_2_4_21_0_1 4650 -0.7068595267044392 -0.5470405313268817 -0.4579261967276797 0.15954003983975956 -0.006746179425423586 -1.7853875038402607 0.21671825990632848 1
HH0647-rgb_2017_2_4_21_0_1 4650 0.251265010845241 -0.1503469547239152 -0.8743537761094843 -0.25254626453913787 -0.21894418680692912 2.212493956278645 2.1931597756045984 1
HH0647-rgb_2017_2_4_21_0_1 4650 nan nan nan nan nan nan nan 0
HH0647-rgb_2017_2_4_21_0_1 350 0.251265010845241 -0.18641000714236672 0.6886757684194809 0.34973371878386605 -0.8555382089514458 -0.286181956295671 -0.6983009603243521 2
HH0647-rgb_2017_2_4_21_0_1 6735 -0.3538662760282413 -0.43885137407152724 -0.4550739530332838 0.25463687931181284 -0.006746179425423586 0.7132884087340554 -0.3688940410413071 1
HH0647-rgb_2017_2_4_21_0_1 6735 -0.10172823983095698 -0.11428390230546372 0.5289501215333092 0.6191747639546836 0.4176498353375875 0.0469748320475711 0.5827259479986008 2
HH0647-rgb_2017_2_4_21_0_1 3895 -0.6060043122255255 -0.43885137407152724 -0.4550739530332838 0.01689478063167969 0.20545182795608197 1.7127587737637817 0.5827259479986008 1
HH0647-rgb_2017_2_4_21_0_1 4095 -0.6564319194649824 -0.5470405313268817 -0.43225600347811644 0.15954003983975956 1.478639872245115 -0.9524955329821553 -1.0643086484166242 0
HH0647-rgb_2017_2_4_21_0_1 595 -0.0008730253520432782 -0.2945991643977212 0.7599818607793789 0.6667231836907103 -0.006746179425423586 -0.286181956295671 -0.03948712175826208 2
HH0647-rgb_2017_2_4_21_0_1 1660 nan nan nan nan nan nan nan 0
HH0647-rgb_2017_2_4_21_0_1 6655 -0.8581423484228098 -0.5470405313268817 -0.4921531210604308 0.3021852990478394 -0.8555382089514458 -0.11960356212404996 -0.29569250342285264 1
HH0647-rgb_2017_2_4_21_0_1 6655 -0.25301106154932756 -0.4749144264899787 0.540359096310893 0.5874758174639992 0.629847842719093 0.3801316203908132 0.18011749109710126 2
HH0647-rgb_2017_2_4_21_0_1 230 0.3521202253241547 -0.18641000714236672 0.6886757684194809 0.3972821385198927 -0.8555382089514458 -0.11960356212404996 -0.2224909658043982 2
HH0647-rgb_2017_2_4_21_0_1 4730 0.7555410832398095 0.3184727267159543 -0.9371031373861946 -0.1574494250670846 -0.8555382089514458 0.5467100145624343 1.4611443994200541 2
HH0647-rgb_2017_2_4_21_0_1 6480 -0.3538662760282413 -0.5470405313268817 -0.483596389977243 0.3021852990478394 -0.006746179425423586 0.5467100145624343 -0.11268865937671653 1
HH0647-rgb_2017_2_4_21_0_1 7775 -0.5051490977466118 -0.6912927410006877 0.5717337769492481 0.6667231836907103 -0.21894418680692912 0.21355322621919218 -0.18589019699517098 1
HH0647-rgb_2017_2_4_21_0_1 8320 -0.20258345430987068 -0.1503469547239152 0.5546203147828725 0.6667231836907103 1.054243857482104 0.5467100145624343 0.5461251791893735 2
HH0647-rgb_2017_2_4_21_0_1 3275 -0.6564319194649824 -0.43885137407152724 -0.848683582859921 -0.20499784480311123 1.478639872245115 0.3801316203908132 -1.2107117236535332 0
HH0647-rgb_2017_2_4_21_0_1 3275 -0.7068595267044392 -0.6912927410006877 -0.46363068411647157 0.15954003983975956 -0.006746179425423586 0.21355322621919218 -0.8081032667520337 1
HH0647-rgb_2017_2_4_21_0_1 3275 0.20083740360578414 -0.07822084988701222 0.5859949954212277 0.06444320036770632 -0.006746179425423586 0.21355322621919218 -0.0028863529490348577 2
HH0647-rgb_2017_2_4_21_0_1 3275 -0.15215584707041385 0.7151663033189208 0.976752381553469 1.0471105415789232 -0.6433402015699402 -0.6193387446389131 0.6559274856170552 0
HH0647-rgb_2017_2_4_21_0_1 4240 -0.9085699556622666 -0.6912927410006877 -0.4294037597837205 0.01689478063167969 1.478639872245115 -0.7859171388105343 -1.6133201805550326 0
HH0647-rgb_2017_2_4_21_0_1 740 0.09998218912687043 -0.2945991643977212 0.7599818607793789 0.6667231836907103 -0.006746179425423586 -0.6193387446389131 -0.18589019699517098 2
HH0647-rgb_2017_2_4_21_0_1 6325 -0.4042938832676981 -0.43885137407152724 -0.48074414628284706 0.3021852990478394 -0.21894418680692912 0.7132884087340554 -0.14928942818594376 1
HH0647-rgb_2017_2_4_21_0_1 2625 0.5034030470425253 -0.2945991643977212 0.608812944976395 0.01689478063167969 -1.0677362163329513 -0.6193387446389131 -0.0028863529490348577 2
HH0647-rgb_2017_2_4_21_0_1 2625 0.6546858687608959 0.7151663033189208 0.9938658437198445 0.9995621218428966 -0.43114219418843464 1.2130235912489185 0.9121328672816458 2
HH0647-rgb_2017_2_4_21_0_1 7985 -0.3034386687887844 -0.43885137407152724 0.5631770458660603 0.6667231836907103 -0.006746179425423586 0.3801316203908132 0.18011749109710126 2
HH0647-rgb_2017_2_4_21_0_1 6455 -0.3538662760282413 -0.5470405313268817 -0.483596389977243 0.25463687931181284 0.4176498353375875 0.21355322621919218 -0.40549480985053427 1
HH0647-rgb_2017_2_4_21_0_1 30 0.049554581887413574 -0.33066221681617275 0.6858235247250849 0.3972821385198927 -0.21894418680692912 0.21355322621919218 -0.14928942818594376 2
HH0647-rgb_2017_2_4_21_0_1 4530 -0.6564319194649824 0.5709140936451148 -0.9399553810805905 -0.06235258559503135 -0.006746179425423586 -2.4517010805267447 -2.198932481502668 0
HH0647-rgb_2017_2_4_21_0_1 3505 -0.3538662760282413 -0.43885137407152724 -0.8401268517767332 -0.1574494250670846 0.20545182795608197 -0.11960356212404996 -0.7715024979428066 1
HH0647-rgb_2017_2_4_21_0_1 3505 -1.0094251701411803 -0.9437341079298482 -0.48930087736603484 0.06444320036770632 -0.006746179425423586 0.21355322621919218 -0.9179055731797154 1
HH0647-rgb_2017_2_4_21_0_1 3505 -0.0008730253520432782 -0.5470405313268817 0.6344831382259584 0.11199162010373294 -0.21894418680692912 -0.11960356212404996 -1.1375101860350787 2
HH0647-rgb_2017_2_4_21_0_1 7005 -0.3538662760282413 -0.5470405313268817 -0.4664829278108675 0.3021852990478394 -0.006746179425423586 0.8798668029056764 -0.9911071107981698 2
HH0647-rgb_2017_2_4_21_0_1 7005 -0.05130063259150013 -0.22247305956081823 0.5318023652277052 0.6350242372000258 0.4176498353375875 -0.286181956295671 0.4729236415709191 2
HH0647-rgb_2017_2_4_21_0_1 7950 -0.3034386687887844 -0.43885137407152724 0.5631770458660603 0.6667231836907103 -0.006746179425423586 0.21355322621919218 -0.18589019699517098 2
HH0647-rgb_2017_2_4_21_0_1 4295 -0.5051490977466118 -0.5470405313268817 -0.43225600347811644 -0.030653639104346937 -0.006746179425423586 2.545650744621887 -0.4420955786597615 2
HH0647-rgb_2017_2_4_21_0_1 795 -0.0008730253520432782 -0.2945991643977212 0.7599818607793789 0.6191747639546836 -0.21894418680692912 -0.11960356212404996 -0.18589019699517098 2
HH0647-rgb_2017_2_4_21_0_1 965 -0.10172823983095698 -0.18641000714236672 0.7571296170849829 0.6191747639546836 0.20545182795608197 -1.1190739271537764 0.3997221039524646 1
HH0647-rgb_2017_2_4_21_0_1 2800 -0.25301106154932756 -0.43885137407152724 0.6373353819203543 0.15954003983975956 -0.006746179425423586 -0.45276035046729207 -0.40549480985053427 2
HH0647-rgb_2017_2_4_21_0_1 2800 0.5538306542819821 0.7512293557373723 0.9853091126366568 1.0471105415789232 -2.128726253240479 -1.6188091096686394 0.8389313296631913 2
HH0647-rgb_2017_2_4_21_0_1 4040 -0.7068595267044392 -0.5831035837453332 -0.42655151608932457 0.15954003983975956 2.327431901771137 -1.4522307154970184 -1.0643086484166242 0
HH0647-rgb_2017_2_4_21_0_1 540 0.09998218912687043 -0.2945991643977212 0.6915280121138768 0.5240779244826304 -0.21894418680692912 -0.11960356212404996 -0.11268865937671653 2
HH0647-rgb_2017_2_4_21_0_1 6125 -0.9589975629017234 -0.6912927410006877 -0.46363068411647157 0.2070884595757862 0.20545182795608197 0.21355322621919218 -0.5518978850874432 0
HH0647-rgb_2017_2_4_21_0_1 7575 -0.6060043122255255 -0.5109774789084303 0.5574725584772685 0.6667231836907103 0.629847842719093 0.3801316203908132 0.5461251791893735 1
HH0647-rgb_2017_2_4_21_0_1 8120 -0.3034386687887844 -0.43885137407152724 0.5631770458660603 0.6667231836907103 0.20545182795608197 0.5467100145624343 0.32652056633401016 2
HH0647-rgb_2017_2_4_21_0_1 3075 -0.6564319194649824 -0.43885137407152724 -0.7716730031112311 -0.1574494250670846 -0.6433402015699402 -0.6193387446389131 -1.4303163365088964 0
HH0647-rgb_2017_2_4_21_0_1 3075 -1.6649840642541194 -0.04215779746856072 -0.4208470287005327 -0.9816220338248794 -0.43114219418843464 -2.1185442921835027 0.43632287276169185 0
HH0647-rgb_2017_2_4_21_0_1 3075 0.20083740360578414 -0.5470405313268817 0.6259264071427706 0.11199162010373294 -1.2799342237144569 -0.9524955329821553 -0.8813048043704882 2
HH0647-rgb_2017_2_4_21_0_1 3075 0.3521202253241547 0.17422051704214828 1.0195360369694078 1.0471105415789232 0.20545182795608197 -1.1190739271537764 0.32652056633401016 2
HH0647-rgb_2017_2_4_21_0_1 5410 nan nan nan nan nan nan nan 0
HH0647-rgb_2017_2_4_21_0_1 1110 0.3521202253241547 -0.18641000714236672 0.7571296170849829 0.6350242372000258 -0.8555382089514458 -0.45276035046729207 -0.14928942818594376 2
HH0647-rgb_2017_2_4_21_0_1 1845 -1.7154116714935763 -0.2945991643977212 0.6801190373362931 -1.2352136057503549 -0.006746179425423586 -0.45276035046729207 -0.0028863529490348577 0
HH0647-rgb_2017_2_4_21_0_1 6680 -0.3538662760282413 -0.8355449506744937 -0.4921531210604308 0.25463687931181284 -0.006746179425423586 -0.11960356212404996 -0.8813048043704882 2
HH0647-rgb_2017_2_4_21_0_1 6680 -0.25301106154932756 -0.4749144264899787 0.540359096310893 0.5874758174639992 0.4176498353375875 0.21355322621919218 -0.14928942818594376 2
HH0647-rgb_2017_2_4_21_0_1 3920 -0.5555767049860687 -0.43885137407152724 -0.4550739530332838 0.2070884595757862 -0.006746179425423586 -0.45276035046729207 0.10691595347864681 1
HH0647-rgb_2017_2_4_21_0_1 6870 -0.7068595267044392 -0.5470405313268817 -0.4664829278108675 0.25463687931181284 1.054243857482104 0.21355322621919218 0.18011749109710126 1
HH0647-rgb_2017_2_4_21_0_1 6870 -0.15215584707041385 -0.43885137407152724 0.537506852616497 0.6350242372000258 0.4176498353375875 0.3801316203908132 1.0585359425185545 1
HH0647-rgb_2017_2_4_21_0_1 4915 nan nan nan nan nan nan nan 0
HH0647-rgb_2017_2_4_21_0_1 2545 0.5034030470425253 -0.2945991643977212 0.608812944976395 0.01689478063167969 -0.8555382089514458 -0.45276035046729207 0.033714415860192366 2
HH0647-rgb_2017_2_4_21_0_1 2545 0.5034030470425253 0.4266618839713088 1.0680241797741385 0.9044652823708433 0.629847842719093 0.7132884087340554 0.7657297920447369 2
HH0647-rgb_2017_2_4_21_0_1 420 0.049554581887413574 -0.33066221681617275 0.6858235247250849 0.3972821385198927 -0.43114219418843464 0.0469748320475711 -0.40549480985053427 2
HH0647-rgb_2017_2_4_21_0_1 4120 -0.6564319194649824 -0.5470405313268817 -0.44936946564449193 0.15954003983975956 -0.6433402015699402 -1.1190739271537764 -0.2224909658043982 1
HH0647-rgb_2017_2_4_21_0_1 4120 nan nan nan nan nan nan nan 0
HH0647-rgb_2017_2_4_21_0_1 1070 -0.0008730253520432782 -0.2945991643977212 0.7599818607793789 0.6191747639546836 -0.21894418680692912 -0.45276035046729207 0.033714415860192366 2
HH0647-rgb_2017_2_4_21_0_1 3115 -0.4042938832676981 -0.43885137407152724 -0.7802297341944189 -0.1732988983124268 0.4176498353375875 1.5461803795921607 -1.0643086484166242 2
HH0647-rgb_2017_2_4_21_0_1 3115 -0.6564319194649824 -0.6912927410006877 -0.4208470287005327 0.11199162010373294 0.4176498353375875 0.3801316203908132 -0.3688940410413071 1
HH0647-rgb_2017_2_4_21_0_1 3115 -0.0008730253520432782 -0.2945991643977212 0.6259264071427706 0.11199162010373294 -0.21894418680692912 -0.11960356212404996 -0.0760878905674893 2
HH0647-rgb_2017_2_4_21_0_1 3115 0.5538306542819821 0.02996830736834228 1.0252405243581997 1.0471105415789232 0.8420458501005986 0.3801316203908132 1.131737480137009 2
HH0647-rgb_2017_2_4_21_0_1 8040 -0.4042938832676981 -0.43885137407152724 0.5631770458660603 0.7142716034267369 1.2664418648636095 0.7132884087340554 0.6559274856170552 1
HH0647-rgb_2017_2_4_21_0_1 7415 -0.5051490977466118 -0.5470405313268817 0.5688815332548521 0.6667231836907103 0.629847842719093 0.7132884087340554 0.32652056633401016 1
HH0647-rgb_2017_2_4_21_0_1 3840 -0.3538662760282413 -0.43885137407152724 -0.43796049086690825 0.0327442538770219 -0.6433402015699402 2.045915562107024 1.2049390177554635 1
HH0647-rgb_2017_2_4_21_0_1 3840 nan nan nan nan nan nan nan 0
HH0647-rgb_2017_2_4_21_0_1 4685 -0.3034386687887844 -0.43885137407152724 -0.446517221950096 0.15954003983975956 -1.4921322310959624 0.7132884087340554 0.7291290232355097 1
HH0647-rgb_2017_2_4_21_0_1 4685 0.30169261808469783 -0.18641000714236672 -0.8715015324150884 -0.3000946842751645 0.4176498353375875 2.712229138793508 2.266361313223053 1
HH0647-rgb_2017_2_4_21_0_1 385 -0.05130063259150013 -0.33066221681617275 0.6858235247250849 0.3972821385198927 -0.21894418680692912 0.3801316203908132 -0.3688940410413071 2
HH0647-rgb_2017_2_4_21_0_1 6910 -0.7068595267044392 -0.5470405313268817 -0.4664829278108675 0.25463687931181284 0.20545182795608197 0.7132884087340554 -0.11268865937671653 1
HH0647-rgb_2017_2_4_21_0_1 6910 -0.05130063259150013 -0.5109774789084303 0.540359096310893 0.6350242372000258 -0.006746179425423586 0.21355322621919218 0.07031518466941959 2
HH0647-rgb_2017_2_4_21_0_1 4450 -0.5051490977466118 -0.5831035837453332 -0.42655151608932457 0.15954003983975956 -0.21894418680692912 -1.1190739271537764 0.3631213351432374 1
HH0647-rgb_2017_2_4_21_0_1 4450 -0.8581423484228098 -0.18641000714236672 -0.7802297341944189 -1.552203070657199 -0.006746179425423586 -1.4522307154970184 0.3631213351432374 0
HH0647-rgb_2017_2_4_21_0_1 4450 nan nan nan nan nan nan nan 0
HH0647-rgb_2017_2_4_21_0_1 150 0.5538306542819821 -0.18641000714236672 0.6886757684194809 0.3972821385198927 -1.0677362163329513 -0.6193387446389131 -0.33229327223207983 2
HH0647-rgb_2017_2_4_21_0_1 6535 -0.6564319194649824 -0.5470405313268817 -0.44936946564449193 0.25463687931181284 -0.006746179425423586 -0.45276035046729207 -0.844704035561261 1
HH0647-rgb_2017_2_4_21_0_1 6535 -0.10172823983095698 -0.5470405313268817 0.5432113400052888 0.571626344218657 -0.43114219418843464 -0.286181956295671 0.5461251791893735 1
HH0647-rgb_2017_2_4_21_0_1 7165 -0.6564319194649824 -0.5470405313268817 -0.4579261967276797 0.25463687931181284 0.4176498353375875 0.0469748320475711 -0.9911071107981698 1
HH0647-rgb_2017_2_4_21_0_1 7165 -0.3034386687887844 -0.36672526923462423 0.534654608922101 0.6191747639546836 -0.006746179425423586 -0.11960356212404996 0.43632287276169185 1
HH0647-rgb_2017_2_4_21_0_1 3465 -0.3538662760282413 -0.43885137407152724 -0.848683582859921 -0.1574494250670846 0.629847842719093 0.3801316203908132 -0.03948712175826208 1
HH0647-rgb_2017_2_4_21_0_1 3465 -1.0094251701411803 -0.6912927410006877 -0.48644863367163893 0.06444320036770632 -0.006746179425423586 -0.45276035046729207 -0.5884986538966704 0
HH0647-rgb_2017_2_4_21_0_1 3465 0.30169261808469783 -0.43885137407152724 0.6373353819203543 0.11199162010373294 -0.6433402015699402 -0.286181956295671 -0.2224909658043982 2
HH0647-rgb_2017_2_4_21_0_1 3465 0.1504097963663273 0.5348510412266633 0.9824568689422608 0.9995621218428966 -2.128726253240479 -0.7859171388105343 1.5709467058477358 1
HH0647-rgb_2017_2_4_21_0_1 5000 nan nan nan nan nan nan nan 0
HH0647-rgb_2017_2_4_21_0_1 5955 4.739322055156901 2.7346972387522053 -0.7517072972504597 0.15954003983975956 1.054243857482104 -0.9524955329821553 -1.5401186429365783 2
HH0647-rgb_2017_2_4_21_0_1 2790 0.30169261808469783 -0.6191666361637848 0.6373353819203543 0.06444320036770632 -0.6433402015699402 -0.6193387446389131 -0.7349017291335793 2
HH0647-rgb_2017_2_4_21_0_1 2790 0.6546858687608959 0.3545357791344058 0.9967180874142404 0.9995621218428966 -0.006746179425423586 2.045915562107024 0.9853344049001002 2
HH0647-rgb_2017_2_4_21_0_1 7830 -0.20258345430987068 -0.1503469547239152 0.5546203147828725 0.6667231836907103 0.4176498353375875 0.8798668029056764 0.32652056633401016 2
HH0647-rgb_2017_2_4_21_0_1 6290 -0.3538662760282413 -0.5470405313268817 -0.47503965889405525 0.3021852990478394 -1.0677362163329513 0.7132884087340554 -0.4786963474689887 1
HH0647-rgb_2017_2_4_21_0_1 8295 -0.3034386687887844 -0.43885137407152724 0.5631770458660603 0.6667231836907103 -0.006746179425423586 0.5467100145624343 0.07031518466941959 2
HH0647-rgb_2017_2_4_21_0_1 2960 0.40254783256361154 -0.22247305956081823 0.6059607012819991 0.01689478063167969 -0.006746179425423586 0.21355322621919218 -0.5518978850874432 2
HH0647-rgb_2017_2_4_21_0_1 2960 0.9572515121976369 0.5709140936451148 0.9967180874142404 0.95201370210687 -1.0677362163329513 0.3801316203908132 2.04675670036769 2
HH0647-rgb_2017_2_4_21_0_1 805 -0.0008730253520432782 -0.2945991643977212 0.7599818607793789 0.6191747639546836 -0.006746179425423586 -0.45276035046729207 -0.3688940410413071 2
HH0647-rgb_2017_2_4_21_0_1 2975 -0.9085699556622666 -0.04215779746856072 0.8512536590000485 -1.4254072846944612 -0.006746179425423586 -1.4522307154970184 -1.6133201805550326 0
HH0647-rgb_2017_2_4_21_0_1 2975 0.30169261808469783 -0.6552296885822362 0.6373353819203543 0.01689478063167969 -0.6433402015699402 -0.6193387446389131 -0.8081032667520337 2
HH0647-rgb_2017_2_4_21_0_1 2975 1.0581067266765507 0.10209441220524529 1.013831549580616 0.95201370210687 0.20545182795608197 1.3796019854205397 -0.4420955786597615 2
HH0647-rgb_2017_2_4_21_0_1 8280 -0.20258345430987068 -0.1503469547239152 0.5546203147828725 0.6667231836907103 1.054243857482104 0.5467100145624343 0.7291290232355097 2
HH0647-rgb_2017_2_4_21_0_1 810 0.09998218912687043 -0.2945991643977212 0.7599818607793789 0.6667231836907103 -0.21894418680692912 -0.6193387446389131 0.14351672228787404 2
HH0647-rgb_2017_2_4_21_0_1 6285 -0.3538662760282413 -0.5470405313268817 -0.47503965889405525 0.3021852990478394 -0.8555382089514458 0.3801316203908132 -0.03948712175826208 1
HH0647-rgb_2017_2_4_21_0_1 2785 0.40254783256361154 -0.25853611197926973 0.6173696760595828 0.06444320036770632 -0.43114219418843464 0.0469748320475711 -1.027707879607397 2
HH0647-rgb_2017_2_4_21_0_1 2785 0.9068239049581801 0.5709140936451148 0.9967180874142404 1.031261068333581 -0.21894418680692912 0.3801316203908132 1.095136711327782 2
HH0647-rgb_2017_2_4_21_0_1 7825 -0.3034386687887844 -0.43885137407152724 0.5631770458660603 0.6667231836907103 -0.21894418680692912 0.3801316203908132 -0.18589019699517098 2
HH0647-rgb_2017_2_4_21_0_1 3470 -0.3538662760282413 -0.43885137407152724 -0.848683582859921 -0.1574494250670846 0.4176498353375875 0.21355322621919218 -0.6250994227058976 1
HH0647-rgb_2017_2_4_21_0_1 3470 -0.9085699556622666 -0.8355449506744937 -0.483596389977243 0.01689478063167969 -0.8555382089514458 0.0469748320475711 -0.6250994227058976 1
HH0647-rgb_2017_2_4_21_0_1 3470 0.251265010845241 0.17422051704214828 1.01097930588622 1.0471105415789232 -0.006746179425423586 0.5467100145624343 0.9121328672816458 2
HH0647-rgb_2017_2_4_21_0_1 7170 -0.6564319194649824 -0.5470405313268817 -0.4579261967276797 0.25463687931181284 0.4176498353375875 -0.286181956295671 -0.9179055731797154 1
HH0647-rgb_2017_2_4_21_0_1 7170 0.049554581887413574 -0.22247305956081823 0.5318023652277052 0.6350242372000258 0.4176498353375875 -0.11960356212404996 0.6559274856170552 2
HH0647-rgb_2017_2_4_21_0_1 5015 nan nan nan nan nan nan nan 0
HH0647-rgb_2017_2_4_21_0_1 145 0.251265010845241 -0.33066221681617275 0.6858235247250849 0.34973371878386605 -0.8555382089514458 -0.6193387446389131 -0.0028863529490348577 2
HH0647-rgb_2017_2_4_21_0_1 4445 nan nan nan nan nan nan nan 0
HH0647-rgb_2017_2_4_21_0_1 6520 -0.6564319194649824 -0.5470405313268817 -0.44936946564449193 0.25463687931181284 0.4176498353375875 -0.286181956295671 -0.4420955786597615 1
HH0647-rgb_2017_2_4_21_0_1 6905 -1.0094251701411803 -0.6912927410006877 -0.46363068411647157 0.25463687931181284 -0.006746179425423586 0.3801316203908132 -0.9911071107981698 0
HH0647-rgb_2017_2_4_21_0_1 6905 -0.15215584707041385 -0.43885137407152724 0.537506852616497 0.6350242372000258 0.4176498353375875 0.3801316203908132 0.9853344049001002 1
HH0647-rgb_2017_2_4_21_0_1 3855 -0.3034386687887844 -0.43885137407152724 -0.43796049086690825 0.01689478063167969 -1.2799342237144569 2.878807532965129 1.0219351737093274 1
HH0647-rgb_2017_2_4_21_0_1 3855 nan nan nan nan nan nan nan 0
HH0647-rgb_2017_2_4_21_0_1 390 0.3521202253241547 -0.18641000714236672 0.6886757684194809 0.34973371878386605 -0.8555382089514458 -1.1190739271537764 -0.6617001915151248 2
HH0647-rgb_2017_2_4_21_0_1 4690 -0.9085699556622666 -1.6649951562988783 -0.47218741519965934 0.15954003983975956 nan nan nan 0
HH0647-rgb_2017_2_4_21_0_1 4690 0.6546858687608959 -0.04215779746856072 -0.8686492887206925 -0.3000946842751645 0.20545182795608197 2.379072350450266 1.9735551627492351 2
HH0647-rgb_2017_2_4_21_0_1 1065 -0.0008730253520432782 -0.18641000714236672 0.7571296170849829 0.6191747639546836 -0.21894418680692912 -1.1190739271537764 0.4729236415709191 2
HH0647-rgb_2017_2_4_21_0_1 7400 -0.5051490977466118 -0.25853611197926973 0.5574725584772685 0.7142716034267369 0.4176498353375875 0.21355322621919218 1.5343459370385086 1
HH0647-rgb_2017_2_4_21_0_1 3100 -0.7068595267044392 -0.5470405313268817 -0.7745252468056271 -0.1732988983124268 -0.006746179425423586 0.21355322621919218 -1.6133201805550326 0
HH0647-rgb_2017_2_4_21_0_1 3100 -0.05130063259150013 0.02996830736834228 -0.3780633732845939 -0.9023746675981684 -1.704330238477468 -1.4522307154970184 1.2415397865646907 1
HH0647-rgb_2017_2_4_21_0_1 3100 -0.0008730253520432782 -0.43885137407152724 0.6287786508371666 0.11199162010373294 -0.006746179425423586 0.0469748320475711 0.2533190287155557 2
HH0647-rgb_2017_2_4_21_0_1 8055 -0.3034386687887844 -0.36672526923462423 0.5603248021716644 0.7142716034267369 0.629847842719093 0.7132884087340554 0.8389313296631913 1
HH0647-rgb_2017_2_4_21_0_1 2550 0.5034030470425253 -0.2945991643977212 0.608812944976395 0.01689478063167969 -0.8555382089514458 -0.6193387446389131 0.07031518466941959 2
HH0647-rgb_2017_2_4_21_0_1 2550 0.7051134760003527 -0.04215779746856072 1.1279212973564527 0.8093684428987901 1.6908378796266206 0.8798668029056764 -1.6133201805550326 2
HH0647-rgb_2017_2_4_21_0_1 4135 -0.6564319194649824 -0.5470405313268817 -0.4579261967276797 0.15954003983975956 -0.006746179425423586 -1.4522307154970184 -0.2224909658043982 1
HH0647-rgb_2017_2_4_21_0_1 435 0.049554581887413574 -0.33066221681617275 0.6858235247250849 0.3972821385198927 -0.43114219418843464 0.0469748320475711 -0.25909173461362545 2
HH0647-rgb_2017_2_4_21_0_1 6865 -1.0598527773806372 -0.6912927410006877 -0.46363068411647157 0.25463687931181284 0.8420458501005986 0.0469748320475711 -0.8081032667520337 0
HH0647-rgb_2017_2_4_21_0_1 6865 -0.15215584707041385 -0.43885137407152724 0.537506852616497 0.6350242372000258 0.629847842719093 0.3801316203908132 0.6925282544262824 2
HH0647-rgb_2017_2_4_21_0_1 4900 nan nan nan nan nan nan nan 0
HH0647-rgb_2017_2_4_21_0_1 6695 -1.0094251701411803 -0.6912927410006877 -0.4550739530332838 0.25463687931181284 -0.006746179425423586 -0.6193387446389131 -0.2224909658043982 0
HH0647-rgb_2017_2_4_21_0_1 6695 -0.3034386687887844 -0.36672526923462423 0.534654608922101 0.6191747639546836 0.8420458501005986 -0.6193387446389131 0.2899197975247829 1
HH0647-rgb_2017_2_4_21_0_1 3935 -0.7068595267044392 -0.6912927410006877 -0.46363068411647157 0.2070884595757862 -0.43114219418843464 -1.1190739271537764 -0.8813048043704882 1
HH0647-rgb_2017_2_4_21_0_1 8135 -0.3034386687887844 -0.43885137407152724 0.5631770458660603 0.6667231836907103 -0.006746179425423586 0.8798668029056764 0.32652056633401016 2
HH0647-rgb_2017_2_4_21_0_1 3060 -0.3538662760282413 -0.2945991643977212 -0.7773774905000229 -0.1574494250670846 -0.006746179425423586 0.5467100145624343 -1.3205140300812148 2
HH0647-rgb_2017_2_4_21_0_1 3060 -1.1607079918595509 0.6791032509004693 -0.22974670117600596 -1.0133209803155638 -0.6433402015699402 -1.2856523213253974 -0.5884986538966704 0
HH0647-rgb_2017_2_4_21_0_1 3060 -0.05130063259150013 0.02996830736834228 0.574586020643644 0.11199162010373294 -0.43114219418843464 0.3801316203908132 0.43632287276169185 1
HH0647-rgb_2017_2_4_21_0_1 3060 0.3521202253241547 -0.04215779746856072 1.0280927680525955 1.0471105415789232 0.4176498353375875 0.7132884087340554 1.095136711327782 2
HH0647-rgb_2017_2_4_21_0_1 7560 -0.5051490977466118 -0.43885137407152724 0.5631770458660603 0.6667231836907103 0.4176498353375875 0.8798668029056764 0.8755320984724185 1
HH0647-rgb_2017_2_4_21_0_1 1105 0.40254783256361154 -0.2945991643977212 0.7599818607793789 0.6191747639546836 -0.006746179425423586 -0.7859171388105343 -0.29569250342285264 2
HH0647-rgb_2017_2_4_21_0_1 5405 nan nan nan nan nan nan nan 0
HH0647-rgb_2017_2_4_21_0_1 555 0.30169261808469783 -0.33066221681617275 0.7685385918625667 0.6667231836907103 -0.006746179425423586 -0.45276035046729207 0.033714415860192366 2
HH0647-rgb_2017_2_4_21_0_1 4055 -0.7068595267044392 -0.5831035837453332 -0.42655151608932457 0.15954003983975956 1.6908378796266206 -1.1190739271537764 -0.8813048043704882 0
HH0647-rgb_2017_2_4_21_0_1 2430 -0.3034386687887844 -0.43885137407152724 0.6287786508371666 0.15954003983975956 0.4176498353375875 -0.45276035046729207 -0.4420955786597615 2
HH0647-rgb_2017_2_4_21_0_1 6130 -0.9589975629017234 -0.6912927410006877 -0.46363068411647157 0.25463687931181284 0.4176498353375875 -1.1190739271537764 -0.6983009603243521 0
HH0647-rgb_2017_2_4_21_0_1 970 -0.0008730253520432782 -0.18641000714236672 0.7571296170849829 0.6191747639546836 -0.006746179425423586 -1.1190739271537764 0.4729236415709191 2
HH0647-rgb_2017_2_4_21_0_1 2815 -0.3034386687887844 -0.2945991643977212 0.6344831382259584 0.15954003983975956 -0.006746179425423586 -0.7859171388105343 -0.9179055731797154 2
HH0647-rgb_2017_2_4_21_0_1 7945 -0.4042938832676981 -0.07822084988701222 0.5517680710884766 0.6667231836907103 -0.006746179425423586 0.5467100145624343 0.9853344049001002 1
HH0647-rgb_2017_2_4_21_0_1 780 -0.0008730253520432782 -0.2945991643977212 0.7599818607793789 0.6191747639546836 0.20545182795608197 -0.11960356212404996 -0.3688940410413071 2
HH0647-rgb_2017_2_4_21_0_1 4280 -0.5051490977466118 -0.6912927410006877 -0.4294037597837205 -0.030653639104346937 -0.21894418680692912 1.3796019854205397 0.07031518466941959 1
HH0647-rgb_2017_2_4_21_0_1 5175 nan nan nan nan nan nan nan 0
HH0647-rgb_2017_2_4_21_0_1 7010 -0.3538662760282413 -0.5470405313268817 -0.4664829278108675 0.25463687931181284 -0.006746179425423586 0.0469748320475711 -0.4786963474689887 1
HH0647-rgb_2017_2_4_21_0_1 7010 -0.20258345430987068 -0.4027883216530757 0.5289501215333092 0.6191747639546836 0.629847842719093 -0.11960356212404996 0.2899197975247829 2
HH0647-rgb_2017_2_4_21_0_1 3510 -0.15215584707041385 -0.43885137407152724 -0.8230133896103577 -0.20499784480311123 1.054243857482104 1.2130235912489185 0.14351672228787404 1
HH0647-rgb_2017_2_4_21_0_1 3510 -1.2111355990990078 -0.9437341079298482 -0.48930087736603484 0.06444320036770632 -0.21894418680692912 -0.286181956295671 -0.7715024979428066 0
HH0647-rgb_2017_2_4_21_0_1 3510 -0.0008730253520432782 -0.43885137407152724 0.6287786508371666 0.11199162010373294 -0.21894418680692912 0.3801316203908132 -0.6250994227058976 2
HH0647-rgb_2017_2_4_21_0_1 3510 1.0581067266765507 0.4987879888082118 1.0252405243581997 1.0946589613149498 -0.006746179425423586 1.5461803795921607 1.3513420929923725 2
HH0647-rgb_2017_2_4_21_0_1 6440 -0.7572871339438961 -0.5470405313268817 -0.47503965889405525 0.25463687931181284 -0.8555382089514458 0.8798668029056764 -1.2473124924627603 1
HH0647-rgb_2017_2_4_21_0_1 4525 -0.5051490977466118 -0.43885137407152724 -0.446517221950096 0.15954003983975956 -0.006746179425423586 -0.7859171388105343 0.033714415860192366 1
HH0647-rgb_2017_2_4_21_0_1 25 0.049554581887413574 -0.33066221681617275 0.6858235247250849 0.3972821385198927 -0.006746179425423586 0.21355322621919218 -0.3688940410413071 2
HH0647-rgb_2017_2_4_21_0_1 5165 nan nan nan nan nan nan nan 0
HH0647-rgb_2017_2_4_21_0_1 7000 -0.7068595267044392 -0.5470405313268817 -0.4664829278108675 0.25463687931181284 -0.006746179425423586 0.8798668029056764 -0.9911071107981698 1
HH0647-rgb_2017_2_4_21_0_1 7000 -0.4042938832676981 -0.2945991643977212 0.5260978778389134 0.6191747639546836 0.20545182795608197 -0.6193387446389131 0.4729236415709191 1
HH0647-rgb_2017_2_4_21_0_1 3500 -0.3538662760282413 -0.43885137407152724 -0.848683582859921 -0.1574494250670846 0.20545182795608197 -0.11960356212404996 -0.8081032667520337 1
HH0647-rgb_2017_2_4_21_0_1 3500 -1.0094251701411803 -0.9437341079298482 -0.48930087736603484 0.06444320036770632 -0.21894418680692912 0.21355322621919218 -0.515297116278216 1
HH0647-rgb_2017_2_4_21_0_1 3500 -0.0008730253520432782 -0.5470405313268817 0.6344831382259584 0.11199162010373294 -0.21894418680692912 0.0469748320475711 -0.6983009603243521 2
HH0647-rgb_2017_2_4_21_0_1 6450 -0.807714741183353 -0.5470405313268817 -0.483596389977243 0.25463687931181284 -0.006746179425423586 0.3801316203908132 -0.03948712175826208 1
HH0647-rgb_2017_2_4_21_0_1 4535 -0.7068595267044392 -0.5470405313268817 -0.44081273456130415 0.2070884595757862 0.4176498353375875 -1.1190739271537764 -0.18589019699517098 1
HH0647-rgb_2017_2_4_21_0_1 4535 -0.05130063259150013 -0.7994818982560422 -0.8772060198038802 -0.3951915237472177 -2.128726253240479 -0.286181956295671 -0.6250994227058976 1
HH0647-rgb_2017_2_4_21_0_1 4535 nan nan nan nan nan nan nan 0
HH0647-rgb_2017_2_4_21_0_1 35 0.049554581887413574 -0.33066221681617275 0.6858235247250849 0.3972821385198927 -0.21894418680692912 0.21355322621919218 -0.14928942818594376 2
HH0647-rgb_2017_2_4_21_0_1 960 -0.0008730253520432782 -0.2945991643977212 0.7599818607793789 0.6191747639546836 -0.6433402015699402 -0.11960356212404996 -0.11268865937671653 2
HH0647-rgb_2017_2_4_21_0_1 2805 -0.25301106154932756 -0.43885137407152724 0.6373353819203543 0.15954003983975956 0.629847842719093 0.0469748320475711 -0.6983009603243521 2
HH0647-rgb_2017_2_4_21_0_1 2805 0.251265010845241 0.5348510412266633 0.9824568689422608 0.9995621218428966 -1.9165282458589736 -0.7859171388105343 1.0585359425185545 2
HH0647-rgb_2017_2_4_21_0_1 7955 -0.5051490977466118 -0.36672526923462423 0.5517680710884766 0.6667231836907103 0.4176498353375875 0.8798668029056764 0.14351672228787404 2
HH0647-rgb_2017_2_4_21_0_1 790 -0.0008730253520432782 -0.2945991643977212 0.7599818607793789 0.6191747639546836 -0.006746179425423586 -0.11960356212404996 -0.03948712175826208 2
HH0647-rgb_2017_2_4_21_0_1 4290 -0.5051490977466118 -0.6912927410006877 -0.4294037597837205 -0.030653639104346937 -0.43114219418843464 1.5461803795921607 0.2899197975247829 1
HH0647-rgb_2017_2_4_21_0_1 8125 -0.3034386687887844 -0.43885137407152724 0.5631770458660603 0.7142716034267369 0.629847842719093 0.7132884087340554 0.4729236415709191 2
HH0647-rgb_2017_2_4_21_0_1 3070 -0.3538662760282413 -0.2945991643977212 -0.7773774905000229 -0.1574494250670846 -0.006746179425423586 0.3801316203908132 -1.64992094936426 2
HH0647-rgb_2017_2_4_21_0_1 3070 -1.6649840642541194 0.17422051704214828 -0.43796049086690825 -0.7914283548807729 -0.006746179425423586 -1.9519658980118817 1.5709467058477358 0
HH0647-rgb_2017_2_4_21_0_1 3070 0.09998218912687043 -0.00609474505010922 0.5831427517268317 0.11199162010373294 -0.006746179425423586 0.21355322621919218 -0.0760878905674893 2
HH0647-rgb_2017_2_4_21_0_1 3070 0.3521202253241547 -0.1503469547239152 1.0366494991357833 1.0471105415789232 0.629847842719093 0.7132884087340554 1.131737480137009 2
HH0647-rgb_2017_2_4_21_0_1 7570 -0.5051490977466118 -0.36672526923462423 0.5603248021716644 0.6667231836907103 0.4176498353375875 0.5467100145624343 0.802330560853964 1
HH0647-rgb_2017_2_4_21_0_1 1115 -0.0008730253520432782 -0.2945991643977212 0.7514251296961911 0.6191747639546836 -0.6433402015699402 -0.45276035046729207 -0.2224909658043982 2
HH0647-rgb_2017_2_4_21_0_1 5415 nan nan nan nan nan nan nan 0
HH0647-rgb_2017_2_4_21_0_1 545 0.09998218912687043 -0.2945991643977212 0.6915280121138768 0.571626344218657 -0.006746179425423586 0.0469748320475711 -0.515297116278216 2
HH0647-rgb_2017_2_4_21_0_1 4045 -0.7068595267044392 -0.5831035837453332 -0.42655151608932457 0.15954003983975956 1.903035887008126 -1.1190739271537764 -1.1009094172258516 0
HH0647-rgb_2017_2_4_21_0_1 6120 -1.0094251701411803 -0.6912927410006877 -0.46363068411647157 0.2070884595757862 0.629847842719093 0.0469748320475711 -0.6250994227058976 0
HH0647-rgb_2017_2_4_21_0_1 6875 -0.7068595267044392 -0.5470405313268817 -0.4664829278108675 0.25463687931181284 0.8420458501005986 0.0469748320475711 0.18011749109710126 1
HH0647-rgb_2017_2_4_21_0_1 6875 -0.4042938832676981 -0.36672526923462423 0.534654608922101 0.6191747639546836 1.478639872245115 -0.11960356212404996 0.43632287276169185 1
HH0647-rgb_2017_2_4_21_0_1 4910 nan nan nan nan nan nan nan 0
HH0647-rgb_2017_2_4_21_0_1 1840 -2.169260136648688 -0.6191666361637848 0.4890187098117663 -1.2352136057503549 0.4176498353375875 -0.9524955329821553 0.32652056633401016 0
HH0647-rgb_2017_2_4_21_0_1 6685 -0.3538662760282413 -0.5470405313268817 -0.47503965889405525 0.25463687931181284 -0.6433402015699402 0.3801316203908132 -0.5518978850874432 1
HH0647-rgb_2017_2_4_21_0_1 6685 -0.3034386687887844 -0.43885137407152724 0.537506852616497 0.571626344218657 0.4176498353375875 0.3801316203908132 0.3631213351432374 1
HH0647-rgb_2017_2_4_21_0_1 3925 -0.5555767049860687 -0.5470405313268817 -0.4579261967276797 0.2070884595757862 -0.006746179425423586 -0.286181956295671 -0.29569250342285264 1
HH0647-rgb_2017_2_4_21_0_1 1075 0.40254783256361154 -0.18641000714236672 0.7571296170849829 0.6191747639546836 -0.43114219418843464 -0.286181956295671 -0.33229327223207983 2
HH0647-rgb_2017_2_4_21_0_1 7410 -0.6060043122255255 -0.43885137407152724 0.5631770458660603 0.6667231836907103 0.8420458501005986 0.7132884087340554 0.802330560853964 1
HH0647-rgb_2017_2_4_21_0_1 3110 -0.3538662760282413 -0.2945991643977212 -0.7773774905000229 -0.1574494250670846 0.20545182795608197 0.7132884087340554 -1.2473124924627603 2
HH0647-rgb_2017_2_4_21_0_1 3110 -0.05130063259150013 -0.33066221681617275 -0.375211129590198 0.34973371878386605 -0.21894418680692912 -0.7859171388105343 -0.40549480985053427 2
HH0647-rgb_2017_2_4_21_0_1 3110 -0.0008730253520432782 -0.2945991643977212 0.6259264071427706 0.11199162010373294 -0.006746179425423586 0.0469748320475711 -0.3688940410413071 2
HH0647-rgb_2017_2_4_21_0_1 8045 -0.5051490977466118 -0.43885137407152724 0.5631770458660603 0.6667231836907103 0.629847842719093 0.8798668029056764 0.6193267168078279 1
HH0647-rgb_2017_2_4_21_0_1 2540 0.5034030470425253 -0.36672526923462423 0.611665188670791 -0.030653639104346937 -0.6433402015699402 -0.7859171388105343 0.21671825990632848 2
HH0647-rgb_2017_2_4_21_0_1 2540 0.7555410832398095 0.3184727267159543 1.0081270621918241 0.9995621218428966 -0.006746179425423586 0.8798668029056764 2.0833574691769168 2
HH0647-rgb_2017_2_4_21_0_1 4125 -0.6060043122255255 -0.5470405313268817 -0.4579261967276797 0.15954003983975956 1.054243857482104 -1.6188091096686394 -0.25909173461362545 0
HH0647-rgb_2017_2_4_21_0_1 425 0.049554581887413574 -0.33066221681617275 0.6858235247250849 0.3972821385198927 -0.21894418680692912 0.0469748320475711 -0.4786963474689887 2
HH0647-rgb_2017_2_4_21_0_1 6915 -0.3538662760282413 -0.5470405313268817 -0.4664829278108675 0.25463687931181284 -0.006746179425423586 0.0469748320475711 -1.027707879607397 2
HH0647-rgb_2017_2_4_21_0_1 6915 -0.4042938832676981 -0.36672526923462423 0.5260978778389134 0.6191747639546836 0.629847842719093 -0.286181956295671 0.2533190287155557 1
HH0647-rgb_2017_2_4_21_0_1 3845 -0.3538662760282413 -0.43885137407152724 -0.43796049086690825 0.0327442538770219 -0.8555382089514458 1.7127587737637817 1.131737480137009 1
HH0647-rgb_2017_2_4_21_0_1 3845 nan nan nan nan nan nan nan 0
HH0647-rgb_2017_2_4_21_0_1 380 0.251265010845241 -0.18641000714236672 0.6886757684194809 0.34973371878386605 -1.0677362163329513 -0.6193387446389131 -0.8813048043704882 2
HH0647-rgb_2017_2_4_21_0_1 4680 -0.3538662760282413 -0.43885137407152724 -0.446517221950096 0.15954003983975956 -1.0677362163329513 0.8798668029056764 0.8755320984724185 1
HH0647-rgb_2017_2_4_21_0_1 4680 0.3521202253241547 0.17422051704214828 -0.8829105071926721 -0.25254626453913787 -1.0677362163329513 1.5461803795921607 2.1931597756045984 1
HH0647-rgb_2017_2_4_21_0_1 4680 nan nan nan nan nan nan nan 0
HH0647-rgb_2017_2_4_21_0_1 3460 -0.3538662760282413 -0.43885137407152724 -0.848683582859921 -0.1574494250670846 0.4176498353375875 0.5467100145624343 -0.18589019699517098 1
HH0647-rgb_2017_2_4_21_0_1 3460 -1.0094251701411803 -0.8355449506744937 -0.483596389977243 0.06444320036770632 0.4176498353375875 -0.286181956295671 -1.027707879607397 0
HH0647-rgb_2017_2_4_21_0_1 3460 0.1504097963663273 0.5709140936451148 0.9796046252478648 0.9995621218428966 -2.3409242606219847 -0.9524955329821553 1.5343459370385086 1
HH0647-rgb_2017_2_4_21_0_1 7160 -0.6564319194649824 -0.5470405313268817 -0.4579261967276797 0.25463687931181284 0.20545182795608197 -0.286181956295671 -1.1375101860350787 1
HH0647-rgb_2017_2_4_21_0_1 7160 -0.3034386687887844 -0.04215779746856072 0.5260978778389134 0.6191747639546836 0.4176498353375875 -0.11960356212404996 0.5095244103801463 1
HH0647-rgb_2017_2_4_21_0_1 5005 nan nan nan nan nan nan nan 0
HH0647-rgb_2017_2_4_21_0_1 155 0.049554581887413574 -0.33066221681617275 0.6858235247250849 0.3972821385198927 -0.43114219418843464 0.21355322621919218 -0.25909173461362545 2
HH0647-rgb_2017_2_4_21_0_1 4455 -0.8581423484228098 0.17422051704214828 -0.9884435238853212 -1.5046546509211722 0.4176498353375875 -1.1190739271537764 1.753950549893872 0
HH0647-rgb_2017_2_4_21_0_1 4455 nan nan nan nan nan nan nan 0
HH0647-rgb_2017_2_4_21_0_1 6530 -0.6564319194649824 -0.5470405313268817 -0.44936946564449193 0.25463687931181284 -0.006746179425423586 -0.286181956295671 -0.5518978850874432 1
HH0647-rgb_2017_2_4_21_0_1 2965 -1.6649840642541194 -0.1503469547239152 0.9796046252478648 -2.4239240991510203 -0.006746179425423586 -1.4522307154970184 -1.1375101860350787 0
HH0647-rgb_2017_2_4_21_0_1 2965 0.251265010845241 -0.43885137407152724 0.6287786508371666 0.11199162010373294 -1.0677362163329513 -0.9524955329821553 -0.6250994227058976 2
HH0647-rgb_2017_2_4_21_0_1 8290 -0.3034386687887844 -0.43885137407152724 0.5631770458660603 0.6667231836907103 -0.006746179425423586 0.3801316203908132 -0.0028863529490348577 2
HH0647-rgb_2017_2_4_21_0_1 800 -0.0008730253520432782 -0.2945991643977212 0.7599818607793789 0.6191747639546836 -0.21894418680692912 -0.11960356212404996 -0.29569250342285264 2
HH0647-rgb_2017_2_4_21_0_1 6295 -0.3538662760282413 -0.6912927410006877 -0.47789190258845116 0.3021852990478394 -0.006746179425423586 0.7132884087340554 -0.4786963474689887 2
HH0647-rgb_2017_2_4_21_0_1 2795 0.40254783256361154 -0.25853611197926973 0.6173696760595828 0.06444320036770632 0.4176498353375875 0.21355322621919218 -0.844704035561261 2
HH0647-rgb_2017_2_4_21_0_1 2795 0.8563962977187233 0.9315446178296298 0.9853091126366568 1.0471105415789232 -2.128726253240479 -1.6188091096686394 1.131737480137009 2
HH0647-rgb_2017_2_4_21_0_1 7835 -0.3034386687887844 -0.5109774789084303 0.5660292895604563 0.6191747639546836 -0.8555382089514458 -0.45276035046729207 -0.2224909658043982 1
HH0647-rgb_2017_2_4_21_0_1 2780 0.30169261808469783 -0.6552296885822362 0.6373353819203543 0.01689478063167969 -0.43114219418843464 -0.11960356212404996 -0.3688940410413071 2
HH0647-rgb_2017_2_4_21_0_1 2780 0.5538306542819821 0.06603135978679378 1.0223882806638038 1.0946589613149498 0.4176498353375875 0.21355322621919218 1.3147413241831452 2
HH0647-rgb_2017_2_4_21_0_1 7820 -0.4042938832676981 -0.07822084988701222 0.5517680710884766 0.6667231836907103 -0.006746179425423586 0.5467100145624343 1.0585359425185545 1
HH0647-rgb_2017_2_4_21_0_1 6280 -0.4042938832676981 -0.5470405313268817 -0.483596389977243 0.3021852990478394 -0.006746179425423586 0.3801316203908132 -0.29569250342285264 1
HH0647-rgb_2017_2_4_21_0_1 8285 -0.3034386687887844 -0.43885137407152724 0.5631770458660603 0.6667231836907103 -0.006746179425423586 0.5467100145624343 0.2899197975247829 2
HH0647-rgb_2017_2_4_21_0_1 2970 -1.6649840642541194 0.2463466218790513 0.865514877472028 -1.869192535564043 -0.006746179425423586 -0.9524955329821553 -1.1009094172258516 0
HH0647-rgb_2017_2_4_21_0_1 2970 0.30169261808469783 -0.43885137407152724 0.6287786508371666 0.06444320036770632 -0.8555382089514458 -0.11960356212404996 -0.18589019699517098 2
HH0647-rgb_2017_2_4_21_0_1 2970 0.9572515121976369 -0.33066221681617275 1.0280927680525955 0.95201370210687 -0.21894418680692912 -0.45276035046729207 -0.40549480985053427 2
HH0647-rgb_2017_2_4_21_0_1 815 -0.0008730253520432782 -0.2945991643977212 0.7599818607793789 0.6191747639546836 -0.006746179425423586 -0.286181956295671 0.033714415860192366 2
HH0647-rgb_2017_2_4_21_0_1 4440 nan nan nan nan nan nan nan 0
HH0647-rgb_2017_2_4_21_0_1 140 0.3521202253241547 -0.33066221681617275 0.6858235247250849 0.3972821385198927 -0.43114219418843464 -0.7859171388105343 -0.8813048043704882 2
HH0647-rgb_2017_2_4_21_0_1 6525 -0.6564319194649824 -0.5470405313268817 -0.44936946564449193 0.25463687931181284 0.4176498353375875 -0.11960356212404996 -0.6983009603243521 1
HH0647-rgb_2017_2_4_21_0_1 7175 -0.3538662760282413 -0.5470405313268817 -0.4579261967276797 0.25463687931181284 -0.006746179425423586 0.5467100145624343 -0.6983009603243521 2
HH0647-rgb_2017_2_4_21_0_1 7175 0.049554581887413574 -0.22247305956081823 0.5318023652277052 0.6350242372000258 -0.006746179425423586 -0.11960356212404996 0.6193267168078279 2
HH0647-rgb_2017_2_4_21_0_1 3475 -0.05130063259150013 -0.2945991643977212 -0.8429790954711291 -0.1574494250670846 0.8420458501005986 0.8798668029056764 -0.7349017291335793 2
HH0647-rgb_2017_2_4_21_0_1 3475 -1.0094251701411803 -0.8355449506744937 -0.4921531210604308 0.06444320036770632 -0.43114219418843464 -0.286181956295671 -1.027707879607397 1
HH0647-rgb_2017_2_4_21_0_1 3475 0.3521202253241547 0.17422051704214828 1.0195360369694078 1.0471105415789232 -0.006746179425423586 -0.286181956295671 0.802330560853964 2
HH0647-rgb_2017_2_4_21_0_1 5010 nan nan nan nan nan nan nan 0
HH0647-rgb_2017_2_4_21_0_1 3850 -0.3538662760282413 -0.43885137407152724 -0.43796049086690825 0.0327442538770219 -1.0677362163329513 2.045915562107024 0.948733636090873 1
HH0647-rgb_2017_2_4_21_0_1 3850 nan nan nan nan nan nan nan 0
HH0647-rgb_2017_2_4_21_0_1 4695 0.6042582615214389 3.4920213395396864 -0.52067555800439 0.5557768709733147 -2.128726253240479 2.379072350450266 2.1565590067953715 0
HH0647-rgb_2017_2_4_21_0_1 4695 0.3521202253241547 -0.22247305956081823 -0.8715015324150884 -0.3000946842751645 0.8420458501005986 1.7127587737637817 2.3761636196507347 1
HH0647-rgb_2017_2_4_21_0_1 395 0.6546858687608959 -0.18641000714236672 0.6886757684194809 0.3972821385198927 -0.8555382089514458 -0.9524955329821553 -0.6617001915151248 2
HH0647-rgb_2017_2_4_21_0_1 4865 nan nan nan nan nan nan nan 0
HH0647-rgb_2017_2_4_21_0_1 6900 -1.0094251701411803 -0.6912927410006877 -0.46363068411647157 0.25463687931181284 -0.006746179425423586 0.0469748320475711 -0.9911071107981698 0
HH0647-rgb_2017_2_4_21_0_1 6900 -0.15215584707041385 -0.43885137407152724 0.537506852616497 0.6350242372000258 0.4176498353375875 0.3801316203908132 0.6559274856170552 2
HH0647-rgb_2017_2_4_21_0_1 2555 0.5034030470425253 -0.2945991643977212 0.608812944976395 0.01689478063167969 -0.8555382089514458 -0.11960356212404996 0.2533190287155557 2
HH0647-rgb_2017_2_4_21_0_1 2555 0.5538306542819821 0.02996830736834228 1.0594674486909508 0.8093684428987901 -0.006746179425423586 1.5461803795921607 -0.7349017291335793 2
HH0647-rgb_2017_2_4_21_0_1 430 0.3521202253241547 -0.18641000714236672 0.6886757684194809 0.3972821385198927 -0.43114219418843464 0.21355322621919218 -0.515297116278216 2
HH0647-rgb_2017_2_4_21_0_1 4130 -0.7068595267044392 -0.5470405313268817 -0.4579261967276797 0.15954003983975956 1.478639872245115 -1.9519658980118817 -0.33229327223207983 0
HH0647-rgb_2017_2_4_21_0_1 1060 0.3521202253241547 -0.18641000714236672 0.7571296170849829 0.6350242372000258 -0.8555382089514458 -0.6193387446389131 -0.14928942818594376 2
HH0647-rgb_2017_2_4_21_0_1 3105 -0.4042938832676981 -0.43885137407152724 -0.7802297341944189 -0.1732988983124268 0.629847842719093 1.5461803795921607 -1.174110954844306 2
HH0647-rgb_2017_2_4_21_0_1 3105 -0.25301106154932756 -0.33066221681617275 -0.375211129590198 -0.06235258559503135 -0.6433402015699402 -1.9519658980118817 1.4245436306108268 1
HH0647-rgb_2017_2_4_21_0_1 3105 -0.0008730253520432782 -0.2945991643977212 0.6259264071427706 0.06444320036770632 -0.6433402015699402 0.3801316203908132 -0.40549480985053427 2
HH0647-rgb_2017_2_4_21_0_1 8050 -0.20258345430987068 -0.43885137407152724 0.5631770458660603 0.6667231836907103 -0.21894418680692912 0.7132884087340554 0.5461251791893735 2
HH0647-rgb_2017_2_4_21_0_1 7405 -0.6060043122255255 -0.5470405313268817 0.5688815332548521 0.6667231836907103 -0.006746179425423586 0.8798668029056764 1.0585359425185545 1
HH0647-rgb_2017_2_4_21_0_1 6690 -0.3538662760282413 -0.5470405313268817 -0.4579261967276797 0.25463687931181284 -0.006746179425423586 0.5467100145624343 -0.5518978850874432 2
HH0647-rgb_2017_2_4_21_0_1 6690 -0.20258345430987068 -0.5109774789084303 0.540359096310893 0.571626344218657 -0.8555382089514458 0.0469748320475711 0.32652056633401016 1
HH0647-rgb_2017_2_4_21_0_1 6860 -0.7068595267044392 -0.5470405313268817 -0.4664829278108675 0.25463687931181284 1.054243857482104 0.3801316203908132 0.18011749109710126 1
HH0647-rgb_2017_2_4_21_0_1 6860 -0.05130063259150013 -0.43885137407152724 0.537506852616497 0.6350242372000258 0.4176498353375875 0.3801316203908132 1.0219351737093274 2
HH0647-rgb_2017_2_4_21_0_1 4905 nan nan nan nan nan nan nan 0
HH0647-rgb_2017_2_4_21_0_1 4050 -0.7068595267044392 -0.5831035837453332 -0.42655151608932457 0.15954003983975956 1.903035887008126 -1.2856523213253974 -0.9911071107981698 0
HH0647-rgb_2017_2_4_21_0_1 550 0.7051134760003527 -0.43885137407152724 0.7457206423073993 0.6191747639546836 -0.43114219418843464 -0.9524955329821553 -0.5884986538966704 2
HH0647-rgb_2017_2_4_21_0_1 6135 -0.7068595267044392 -0.5470405313268817 -0.4664829278108675 0.2070884595757862 0.629847842719093 0.3801316203908132 0.21671825990632848 1
HH0647-rgb_2017_2_4_21_0_1 2435 -0.25301106154932756 -0.43885137407152724 0.6287786508371666 0.15954003983975956 0.4176498353375875 -0.11960356212404996 -0.33229327223207983 2
HH0647-rgb_2017_2_4_21_0_1 7565 -0.3034386687887844 -0.43885137407152724 0.5631770458660603 0.6667231836907103 -0.6433402015699402 0.5467100145624343 0.6193267168078279 1
HH0647-rgb_2017_2_4_21_0_1 8130 -0.4042938832676981 -0.43885137407152724 0.5631770458660603 0.6667231836907103 0.4176498353375875 0.7132884087340554 0.4729236415709191 1
HH0647-rgb_2017_2_4_21_0_1 3065 -0.6564319194649824 -0.43885137407152724 -0.7716730031112311 -0.1574494250670846 -0.43114219418843464 -0.6193387446389131 -1.503517874127351 0
HH0647-rgb_2017_2_4_21_0_1 3065 -1.3624184208173784 0.6791032509004693 -0.4208470287005327 -0.7597294083900885 -0.006746179425423586 0.3801316203908132 -0.14928942818594376 0
HH0647-rgb_2017_2_4_21_0_1 3065 -0.3034386687887844 -0.18641000714236672 0.5717337769492481 0.11199162010373294 -0.21894418680692912 0.3801316203908132 -0.18589019699517098 1
HH0647-rgb_2017_2_4_21_0_1 3065 0.1504097963663273 -0.00609474505010922 1.0252405243581997 1.0471105415789232 -0.006746179425423586 -0.6193387446389131 0.802330560853964 2
HH0647-rgb_2017_2_4_21_0_1 5400 nan nan nan nan nan nan nan 0
HH0647-rgb_2017_2_4_21_0_1 1100 -0.0008730253520432782 -0.2945991643977212 0.7514251296961911 0.6191747639546836 -0.21894418680692912 -0.7859171388105343 -0.11268865937671653 2
HH0647-rgb_2017_2_4_21_0_1 7940 -0.5051490977466118 -0.36672526923462423 0.5603248021716644 0.6667231836907103 0.629847842719093 1.0464451970772974 0.6925282544262824 1
HH0647-rgb_2017_2_4_21_0_1 4285 -0.7068595267044392 -0.6912927410006877 -0.4294037597837205 -0.030653639104346937 -0.006746179425423586 2.379072350450266 -0.3688940410413071 1
HH0647-rgb_2017_2_4_21_0_1 785 -0.0008730253520432782 -0.2945991643977212 0.7599818607793789 0.6667231836907103 -0.006746179425423586 -0.9524955329821553 0.18011749109710126 2
HH0647-rgb_2017_2_4_21_0_1 975 -0.0008730253520432782 -0.2945991643977212 0.7514251296961911 0.6191747639546836 -0.43114219418843464 -0.45276035046729207 -0.18589019699517098 2
HH0647-rgb_2017_2_4_21_0_1 2810 -0.25301106154932756 -0.43885137407152724 0.6373353819203543 0.15954003983975956 -0.006746179425423586 -0.11960356212404996 -0.8081032667520337 2
HH0647-rgb_2017_2_4_21_0_1 2810 0.7555410832398095 0.6791032509004693 0.9881613563310526 0.9995621218428966 -0.6433402015699402 1.2130235912489185 1.5709467058477358 2
HH0647-rgb_2017_2_4_21_0_1 6445 -0.7572871339438961 -0.6912927410006877 -0.47789190258845116 0.25463687931181284 -0.6433402015699402 0.7132884087340554 -1.2839132612719877 1
HH0647-rgb_2017_2_4_21_0_1 20 0.049554581887413574 -0.33066221681617275 0.6858235247250849 0.3972821385198927 -0.43114219418843464 0.21355322621919218 -0.3688940410413071 2
HH0647-rgb_2017_2_4_21_0_1 4520 -0.3538662760282413 -0.43885137407152724 -0.4294037597837205 0.11199162010373294 -1.2799342237144569 1.3796019854205397 1.5343459370385086 1
HH0647-rgb_2017_2_4_21_0_1 5170 nan nan nan nan nan nan nan 0
HH0647-rgb_2017_2_4_21_0_1 3515 -0.15215584707041385 -0.43885137407152724 -0.8230133896103577 -0.20499784480311123 1.478639872245115 0.3801316203908132 0.21671825990632848 1
HH0647-rgb_2017_2_4_21_0_1 3515 -1.0094251701411803 -0.8355449506744937 -0.483596389977243 0.06444320036770632 -0.006746179425423586 -0.11960356212404996 -0.29569250342285264 1
HH0647-rgb_2017_2_4_21_0_1 3515 0.40254783256361154 -0.25853611197926973 0.6173696760595828 0.11199162010373294 -0.006746179425423586 0.3801316203908132 -0.7715024979428066 2
HH0647-rgb_2017_2_4_21_0_1 3515 1.1085343339160074 0.4627249363897603 1.0280927680525955 1.1263579078056343 0.8420458501005986 1.0464451970772974 1.607547474656963 2
HH0647-rgb_2017_2_4_21_0_1 7015 -0.6564319194649824 -0.5470405313268817 -0.4579261967276797 0.25463687931181284 -0.006746179425423586 -0.11960356212404996 -1.1009094172258516 1
HH0647-rgb_2017_2_4_21_0_1 7015 0.049554581887413574 -0.2945991643977212 0.534654608922101 0.5874758174639992 -0.6433402015699402 0.5467100145624343 0.8755320984724185 2
HH0647-rgb_2017_2_4_21_0_1 7765 -0.20258345430987068 -0.11428390230546372 0.5631770458660603 0.6667231836907103 0.8420458501005986 0.7132884087340554 0.7291290232355097 2
HH0647-rgb_2017_2_4_21_0_1 8330 -0.3034386687887844 -0.43885137407152724 0.5631770458660603 0.6667231836907103 -0.21894418680692912 0.7132884087340554 -0.0760878905674893 2
HH0647-rgb_2017_2_4_21_0_1 3265 -0.807714741183353 0.06603135978679378 -0.7231848603065004 -0.12575047857640018 -0.6433402015699402 -1.2856523213253974 -2.162331712693441 0
HH0647-rgb_2017_2_4_21_0_1 3265 -0.7068595267044392 -0.6552296885822362 -0.47218741519965934 0.2070884595757862 0.4176498353375875 -0.9524955329821553 -1.5401186429365783 1
HH0647-rgb_2017_2_4_21_0_1 3265 0.20083740360578414 -0.07822084988701222 0.5859949954212277 0.06444320036770632 -0.006746179425423586 0.3801316203908132 0.10691595347864681 2
HH0647-rgb_2017_2_4_21_0_1 3265 0.049554581887413574 0.6430401984820178 0.9796046252478648 0.95201370210687 -2.55312226800349 -0.9524955329821553 1.5709467058477358 1
HH0647-rgb_2017_2_4_21_0_1 4250 -0.7068595267044392 -0.6912927410006877 -0.4294037597837205 -0.030653639104346937 -0.006746179425423586 2.212493956278645 -0.11268865937671653 1
HH0647-rgb_2017_2_4_21_0_1 750 0.09998218912687043 -0.2945991643977212 0.7599818607793789 0.6667231836907103 -0.006746179425423586 -0.6193387446389131 -0.03948712175826208 2
HH0647-rgb_2017_2_4_21_0_1 6335 -0.7572871339438961 -0.6912927410006877 -0.47789190258845116 0.3021852990478394 -0.21894418680692912 0.8798668029056764 -0.6617001915151248 1
HH0647-rgb_2017_2_4_21_0_1 2635 0.5034030470425253 -0.2945991643977212 0.608812944976395 0.01689478063167969 -0.8555382089514458 -0.45276035046729207 0.10691595347864681 2
HH0647-rgb_2017_2_4_21_0_1 2635 0.3521202253241547 0.8233554605742753 0.9910136000254486 1.0946589613149498 -2.7653202753849957 -1.2856523213253974 0.32652056633401016 2
HH0647-rgb_2017_2_4_21_0_1 7995 -0.3034386687887844 -0.43885137407152724 0.5631770458660603 0.6667231836907103 -0.006746179425423586 0.5467100145624343 -0.29569250342285264 2
HH0647-rgb_2017_2_4_21_0_1 6490 -0.807714741183353 -0.6912927410006877 -0.446517221950096 0.2070884595757862 0.20545182795608197 -0.45276035046729207 1.4611443994200541 1
HH0647-rgb_2017_2_4_21_0_1 5370 nan nan nan nan nan nan nan 0
HH0647-rgb_2017_2_4_21_0_1 3715 -0.3034386687887844 -0.43885137407152724 -0.446517221950096 0.15954003983975956 -1.0677362163329513 0.21355322621919218 1.3513420929923725 1
HH0647-rgb_2017_2_4_21_0_1 6645 -1.0094251701411803 -0.6912927410006877 -0.4950053647548267 0.3021852990478394 -0.8555382089514458 -0.11960356212404996 -0.33229327223207983 1
HH0647-rgb_2017_2_4_21_0_1 6645 -0.3034386687887844 -0.36672526923462423 0.534654608922101 0.6191747639546836 0.629847842719093 -0.286181956295671 0.07031518466941959 2
HH0647-rgb_2017_2_4_21_0_1 220 -0.05130063259150013 -0.33066221681617275 0.6858235247250849 0.3972821385198927 -0.006746179425423586 0.0469748320475711 -0.4420955786597615 2
HH0647-rgb_2017_2_4_21_0_1 4720 0.7555410832398095 0.2824096742975028 -0.922841918914215 -0.20499784480311123 -0.6433402015699402 0.5467100145624343 2.2297605444138258 1
HH0647-rgb_2017_2_4_21_0_1 4085 -0.6564319194649824 -0.5470405313268817 -0.43225600347811644 0.15954003983975956 1.6908378796266206 0.21355322621919218 -0.9545063419889426 0
HH0647-rgb_2017_2_4_21_0_1 4085 nan nan nan nan nan nan nan 0
HH0647-rgb_2017_2_4_21_0_1 585 0.40254783256361154 -0.33066221681617275 0.7685385918625667 0.7142716034267369 -0.006746179425423586 -0.11960356212404996 -0.0028863529490348577 2
HH0647-rgb_2017_2_4_21_0_1 7375 -0.5051490977466118 -0.25853611197926973 0.5574725584772685 0.7142716034267369 -0.006746179425423586 -0.11960356212404996 1.5709467058477358 1
HH0647-rgb_2017_2_4_21_0_1 3675 -0.3538662760282413 -0.43885137407152724 -0.446517221950096 0.15954003983975956 -1.2799342237144569 0.3801316203908132 0.9853344049001002 1
HH0647-rgb_2017_2_4_21_0_1 3675 nan nan nan nan nan nan nan 0
HH0647-rgb_2017_2_4_21_0_1 5210 nan nan nan nan nan nan nan 0
HH0647-rgb_2017_2_4_21_0_1 1710 nan nan nan nan nan nan nan 0
HH0647-rgb_2017_2_4_21_0_1 4640 -0.7068595267044392 -0.6912927410006877 -0.46363068411647157 0.11199162010373294 -0.21894418680692912 -0.286181956295671 0.4729236415709191 1
HH0647-rgb_2017_2_4_21_0_1 4640 0.3521202253241547 -0.22247305956081823 -0.8715015324150884 -0.3476431040111911 0.4176498353375875 0.7132884087340554 2.1931597756045984 1
HH0647-rgb_2017_2_4_21_0_1 4640 nan nan nan nan nan nan nan 0
HH0647-rgb_2017_2_4_21_0_1 340 0.3521202253241547 -0.18641000714236672 0.6886757684194809 0.3972821385198927 -1.0677362163329513 0.3801316203908132 -0.25909173461362545 2
HH0647-rgb_2017_2_4_21_0_1 6725 -0.6564319194649824 -0.6912927410006877 -0.4550739530332838 0.25463687931181284 -0.006746179425423586 0.3801316203908132 -0.5518978850874432 1
HH0647-rgb_2017_2_4_21_0_1 6725 -0.20258345430987068 -0.4027883216530757 0.537506852616497 0.6191747639546836 1.054243857482104 0.21355322621919218 0.2899197975247829 2
HH0647-rgb_2017_2_4_21_0_1 8085 -0.20258345430987068 -0.4749144264899787 0.5660292895604563 0.6667231836907103 -0.43114219418843464 0.5467100145624343 0.2899197975247829 2
HH0647-rgb_2017_2_4_21_0_1 2580 0.20083740360578414 -0.5831035837453332 0.6173696760595828 0.01689478063167969 -0.6433402015699402 -0.7859171388105343 -0.33229327223207983 2
HH0647-rgb_2017_2_4_21_0_1 2580 0.3521202253241547 0.8233554605742753 0.9910136000254486 1.0946589613149498 -2.3409242606219847 -1.4522307154970184 0.2533190287155557 2
HH0647-rgb_2017_2_4_21_0_1 6080 -0.7572871339438961 -0.5470405313268817 -0.4664829278108675 0.2070884595757862 1.054243857482104 0.3801316203908132 0.2533190287155557 1
HH0647-rgb_2017_2_4_21_0_1 3305 0.5538306542819821 -0.4027883216530757 -0.8287178769991496 -0.20499784480311123 1.6908378796266206 0.8798668029056764 0.5095244103801463 2
HH0647-rgb_2017_2_4_21_0_1 3305 -0.3034386687887844 -0.5470405313268817 -0.4579261967276797 0.11199162010373294 0.4176498353375875 0.5467100145624343 -0.25909173461362545 1
HH0647-rgb_2017_2_4_21_0_1 3305 -0.0008730253520432782 -0.00609474505010922 0.574586020643644 0.06444320036770632 -0.6433402015699402 0.3801316203908132 -0.40549480985053427 2
HH0647-rgb_2017_2_4_21_0_1 3305 0.049554581887413574 0.3184727267159543 0.9824568689422608 0.95201370210687 -0.21894418680692912 1.7127587737637817 1.9735551627492351 2
HH0647-rgb_2017_2_4_21_0_1 8250 -0.3034386687887844 -0.43885137407152724 0.5631770458660603 0.6667231836907103 0.4176498353375875 0.7132884087340554 0.033714415860192366 2
HH0647-rgb_2017_2_4_21_0_1 7605 -0.3034386687887844 -0.43885137407152724 0.5631770458660603 0.6667231836907103 0.4176498353375875 0.21355322621919218 0.2899197975247829 2
HH0647-rgb_2017_2_4_21_0_1 2755 0.30169261808469783 -0.18641000714236672 0.6059607012819991 0.06444320036770632 -0.006746179425423586 0.3801316203908132 -0.6250994227058976 2
HH0647-rgb_2017_2_4_21_0_1 2755 0.6546858687608959 0.7151663033189208 0.9938658437198445 0.95201370210687 -0.8555382089514458 0.3801316203908132 1.278140555373918 2
HH0647-rgb_2017_2_4_21_0_1 6255 -0.45472149050715494 -0.5470405313268817 -0.483596389977243 0.34973371878386605 -0.21894418680692912 0.21355322621919218 0.07031518466941959 1
HH0647-rgb_2017_2_4_21_0_1 630 -0.0008730253520432782 -0.43885137407152724 0.7628341044737749 0.6667231836907103 0.20545182795608197 -0.286181956295671 -0.18589019699517098 2
HH0647-rgb_2017_2_4_21_0_1 4330 -0.5051490977466118 -0.5470405313268817 -0.44081273456130415 -0.030653639104346937 -0.006746179425423586 1.2130235912489185 0.3631213351432374 1
HH0647-rgb_2017_2_4_21_0_1 4495 -0.7068595267044392 -0.43885137407152724 -0.4294037597837205 0.11199162010373294 -0.006746179425423586 -1.2856523213253974 0.2533190287155557 1
HH0647-rgb_2017_2_4_21_0_1 195 0.3521202253241547 -0.18641000714236672 0.6886757684194809 0.3972821385198927 -0.6433402015699402 0.3801316203908132 -0.5884986538966704 2
HH0647-rgb_2017_2_4_21_0_1 180 0.251265010845241 -0.33066221681617275 0.6858235247250849 0.3972821385198927 -0.6433402015699402 -0.7859171388105343 -0.40549480985053427 2
HH0647-rgb_2017_2_4_21_0_1 4480 -0.3538662760282413 -0.43885137407152724 -0.4294037597837205 0.11199162010373294 -0.6433402015699402 1.3796019854205397 0.6925282544262824 1
HH0647-rgb_2017_2_4_21_0_1 6240 -0.45472149050715494 -0.5470405313268817 -0.483596389977243 0.3021852990478394 -0.006746179425423586 0.3801316203908132 -0.33229327223207983 1
HH0647-rgb_2017_2_4_21_0_1 2740 0.5034030470425253 -0.4027883216530757 0.6373353819203543 0.06444320036770632 -0.6433402015699402 -0.11960356212404996 -0.11268865937671653 2
HH0647-rgb_2017_2_4_21_0_1 2740 0.1504097963663273 0.2824096742975028 0.9910136000254486 0.95201370210687 -1.0677362163329513 0.3801316203908132 0.6193267168078279 2
HH0647-rgb_2017_2_4_21_0_1 4325 -0.7068595267044392 -0.5470405313268817 -0.43225600347811644 0.01689478063167969 1.054243857482104 -1.1190739271537764 -1.2839132612719877 0
HH0647-rgb_2017_2_4_21_0_1 625 -0.0008730253520432782 -0.43885137407152724 0.7628341044737749 0.6667231836907103 0.4176498353375875 -0.6193387446389131 -0.515297116278216 2
HH0647-rgb_2017_2_4_21_0_1 7610 -0.20258345430987068 -0.43885137407152724 0.5717337769492481 0.6667231836907103 0.20545182795608197 0.5467100145624343 -0.11268865937671653 2
HH0647-rgb_2017_2_4_21_0_1 3310 0.4529754398030684 -0.2945991643977212 -0.8173089022215658 -0.1574494250670846 0.629847842719093 0.8798668029056764 -1.0643086484166242 2
HH0647-rgb_2017_2_4_21_0_1 3310 -0.7068595267044392 -0.6912927410006877 -0.46363068411647157 0.15954003983975956 0.4176498353375875 -0.7859171388105343 -1.1375101860350787 1
HH0647-rgb_2017_2_4_21_0_1 3310 -0.0008730253520432782 -0.00609474505010922 0.574586020643644 0.06444320036770632 -0.43114219418843464 0.5467100145624343 -0.29569250342285264 2
HH0647-rgb_2017_2_4_21_0_1 8245 -0.3034386687887844 -0.43885137407152724 0.5631770458660603 0.6667231836907103 -0.006746179425423586 0.5467100145624343 -0.18589019699517098 2
HH0647-rgb_2017_2_4_21_0_1 6095 -0.7068595267044392 -0.5470405313268817 -0.4664829278108675 0.2070884595757862 0.629847842719093 0.0469748320475711 0.21671825990632848 1
HH0647-rgb_2017_2_4_21_0_1 2595 0.5034030470425253 -0.36672526923462423 0.6202219197539788 0.06444320036770632 -0.8555382089514458 -0.7859171388105343 -0.11268865937671653 2
HH0647-rgb_2017_2_4_21_0_1 2595 0.5034030470425253 0.7872924081558238 0.9824568689422608 1.0788094880696077 -1.0677362163329513 -1.6188091096686394 0.9853344049001002 2
HH0647-rgb_2017_2_4_21_0_1 8090 -0.10172823983095698 -0.43885137407152724 0.5717337769492481 0.7142716034267369 0.20545182795608197 0.3801316203908132 0.6925282544262824 2
HH0647-rgb_2017_2_4_21_0_1 355 0.5538306542819821 -0.18641000714236672 0.6886757684194809 0.34973371878386605 -1.0677362163329513 -0.6193387446389131 -0.33229327223207983 2
HH0647-rgb_2017_2_4_21_0_1 4655 -0.7068595267044392 -0.5470405313268817 -0.4579261967276797 0.15954003983975956 -0.43114219418843464 -0.9524955329821553 0.21671825990632848 1
HH0647-rgb_2017_2_4_21_0_1 4655 0.251265010845241 -0.11428390230546372 -0.8743537761094843 -0.20499784480311123 -0.6433402015699402 0.7132884087340554 2.1931597756045984 1
HH0647-rgb_2017_2_4_21_0_1 4655 nan nan nan nan nan nan nan 0
HH0647-rgb_2017_2_4_21_0_1 6730 -0.6564319194649824 -0.5470405313268817 -0.44936946564449193 0.25463687931181284 0.20545182795608197 0.21355322621919218 -1.2473124924627603 1
HH0647-rgb_2017_2_4_21_0_1 6730 0.049554581887413574 -0.22247305956081823 0.5318023652277052 0.6350242372000258 0.629847842719093 0.0469748320475711 0.5461251791893735 2
HH0647-rgb_2017_2_4_21_0_1 3890 -0.7068595267044392 -0.5470405313268817 -0.44936946564449193 0.01689478063167969 -0.43114219418843464 1.3796019854205397 1.095136711327782 1
HH0647-rgb_2017_2_4_21_0_1 3660 -0.7068595267044392 -0.43885137407152724 -0.446517221950096 0.11199162010373294 -0.21894418680692912 -1.6188091096686394 -0.0028863529490348577 0
HH0647-rgb_2017_2_4_21_0_1 7360 -0.4042938832676981 -0.33066221681617275 0.5603248021716644 0.6667231836907103 1.478639872245115 0.8798668029056764 0.8755320984724185 1
HH0647-rgb_2017_2_4_21_0_1 5205 nan nan nan nan nan nan nan 0
HH0647-rgb_2017_2_4_21_0_1 590 0.40254783256361154 -0.33066221681617275 0.7685385918625667 0.7142716034267369 -0.006746179425423586 -0.286181956295671 0.07031518466941959 2
HH0647-rgb_2017_2_4_21_0_1 4090 -0.6564319194649824 -0.43885137407152724 -0.4294037597837205 0.15954003983975956 1.2664418648636095 -1.4522307154970184 -0.25909173461362545 0
HH0647-rgb_2017_2_4_21_0_1 4090 nan nan nan nan nan nan nan 0
HH0647-rgb_2017_2_4_21_0_1 6650 -0.9589975629017234 -0.6912927410006877 -0.4950053647548267 0.34973371878386605 -0.006746179425423586 -0.9524955329821553 -0.40549480985053427 0
HH0647-rgb_2017_2_4_21_0_1 6650 -0.25301106154932756 -0.4749144264899787 0.540359096310893 0.5874758174639992 0.20545182795608197 0.21355322621919218 -0.0760878905674893 2
HH0647-rgb_2017_2_4_21_0_1 4735 0.20083740360578414 0.5709140936451148 -0.9485121121637783 -0.1732988983124268 -0.43114219418843464 -0.9524955329821553 0.6925282544262824 1
HH0647-rgb_2017_2_4_21_0_1 235 0.4529754398030684 -0.18641000714236672 0.6886757684194809 0.44483055825591933 -0.8555382089514458 0.5467100145624343 -0.03948712175826208 2
HH0647-rgb_2017_2_4_21_0_1 5365 nan nan nan nan nan nan nan 0
HH0647-rgb_2017_2_4_21_0_1 1665 nan nan nan nan nan nan nan 0
HH0647-rgb_2017_2_4_21_0_1 3700 -0.6060043122255255 -0.5470405313268817 -0.44936946564449193 0.15954003983975956 -0.43114219418843464 -0.45276035046729207 0.5095244103801463 1
HH0647-rgb_2017_2_4_21_0_1 6485 -0.3034386687887844 -0.5470405313268817 -0.4664829278108675 0.2070884595757862 -0.006746179425423586 0.3801316203908132 -0.7349017291335793 2
HH0647-rgb_2017_2_4_21_0_1 745 -0.0008730253520432782 -0.2945991643977212 0.7599818607793789 0.6191747639546836 -0.006746179425423586 -0.45276035046729207 -0.25909173461362545 2
HH0647-rgb_2017_2_4_21_0_1 4245 -0.7068595267044392 -0.6912927410006877 -0.4294037597837205 -0.030653639104346937 -0.006746179425423586 2.212493956278645 -0.18589019699517098 1
HH0647-rgb_2017_2_4_21_0_1 2620 0.5034030470425253 -0.2945991643977212 0.608812944976395 0.01689478063167969 -0.8555382089514458 -0.6193387446389131 -0.03948712175826208 2
HH0647-rgb_2017_2_4_21_0_1 2620 0.6546858687608959 0.6791032509004693 0.9938658437198445 1.0471105415789232 -1.4921322310959624 -0.7859171388105343 0.8755320984724185 2
HH0647-rgb_2017_2_4_21_0_1 7980 -0.3034386687887844 -0.36672526923462423 0.5603248021716644 0.7142716034267369 -0.006746179425423586 0.5467100145624343 0.32652056633401016 2
HH0647-rgb_2017_2_4_21_0_1 6320 -0.3538662760282413 -0.5470405313268817 -0.483596389977243 0.3021852990478394 -0.006746179425423586 0.3801316203908132 -0.5518978850874432 1
HH0647-rgb_2017_2_4_21_0_1 8325 -0.5051490977466118 -0.43885137407152724 0.5631770458660603 0.6667231836907103 0.4176498353375875 0.8798668029056764 0.5095244103801463 1
HH0647-rgb_2017_2_4_21_0_1 3270 0.09998218912687043 0.2824096742975028 -0.7659685157224393 -0.1732988983124268 0.4176498353375875 0.21355322621919218 -2.162331712693441 2
HH0647-rgb_2017_2_4_21_0_1 3270 -0.807714741183353 -0.6912927410006877 -0.46363068411647157 0.2070884595757862 0.20545182795608197 -0.9524955329821553 -1.2107117236535332 0
HH0647-rgb_2017_2_4_21_0_1 3270 0.09998218912687043 -0.00609474505010922 0.5831427517268317 0.11199162010373294 -0.006746179425423586 0.3801316203908132 0.21671825990632848 2
HH0647-rgb_2017_2_4_21_0_1 3270 0.1504097963663273 0.5709140936451148 0.9796046252478648 0.95201370210687 -1.9165282458589736 -0.11960356212404996 1.8637528563215535 1
HH0647-rgb_2017_2_4_21_0_1 7770 -0.3034386687887844 -0.43885137407152724 0.5631770458660603 0.6667231836907103 -0.006746179425423586 0.3801316203908132 0.4729236415709191 1
HH0647-rgb_2017_2_4_21_0_1 50 0.049554581887413574 -0.33066221681617275 0.6858235247250849 0.3972821385198927 -0.43114219418843464 0.21355322621919218 -0.14928942818594376 2
HH0647-rgb_2017_2_4_21_0_1 4550 -0.9085699556622666 -0.6552296885822362 -0.47218741519965934 0.11199162010373294 0.8420458501005986 -1.2856523213253974 -0.515297116278216 0
HH0647-rgb_2017_2_4_21_0_1 4550 0.049554581887413574 0.3545357791344058 -0.991295767579717 -0.1574494250670846 -1.0677362163329513 0.3801316203908132 2.595768232506098 1
HH0647-rgb_2017_2_4_21_0_1 6435 -0.3538662760282413 -0.5470405313268817 -0.47503965889405525 0.25463687931181284 0.20545182795608197 0.21355322621919218 -0.7349017291335793 2
HH0647-rgb_2017_2_4_21_0_1 3565 0.6546858687608959 -0.00609474505010922 -0.8173089022215658 -0.1574494250670846 1.478639872245115 1.2130235912489185 0.21671825990632848 2
HH0647-rgb_2017_2_4_21_0_1 3565 -0.7572871339438961 -0.7994818982560422 -0.42655151608932457 0.11199162010373294 -0.21894418680692912 0.0469748320475711 -0.7349017291335793 1
HH0647-rgb_2017_2_4_21_0_1 3565 -0.3034386687887844 -0.43885137407152724 0.6287786508371666 0.11199162010373294 -0.006746179425423586 0.21355322621919218 -0.3688940410413071 2
HH0647-rgb_2017_2_4_21_0_1 3565 0.4529754398030684 -0.25853611197926973 1.0337972554413875 1.0471105415789232 -1.704330238477468 -0.11960356212404996 -0.2224909658043982 2
HH0647-rgb_2017_2_4_21_0_1 7065 -0.3538662760282413 -0.5470405313268817 -0.4664829278108675 0.25463687931181284 -0.006746179425423586 0.3801316203908132 -0.18589019699517098 1
HH0647-rgb_2017_2_4_21_0_1 7065 -0.25301106154932756 -0.4749144264899787 0.540359096310893 0.5874758174639992 -0.6433402015699402 -0.11960356212404996 -0.14928942818594376 2
HH0647-rgb_2017_2_4_21_0_1 5100 nan nan nan nan nan nan nan 0
HH0647-rgb_2017_2_4_21_0_1 6390 -0.3538662760282413 -0.5470405313268817 -0.4664829278108675 0.25463687931181284 -0.006746179425423586 0.5467100145624343 -1.1375101860350787 2
HH0647-rgb_2017_2_4_21_0_1 2690 0.30169261808469783 -0.6552296885822362 0.6287786508371666 0.01689478063167969 -0.8555382089514458 -0.9524955329821553 -0.5884986538966704 2
HH0647-rgb_2017_2_4_21_0_1 2690 0.5538306542819821 0.7512293557373723 0.9853091126366568 1.0946589613149498 -0.8555382089514458 -1.4522307154970184 0.14351672228787404 2
HH0647-rgb_2017_2_4_21_0_1 7930 -0.3034386687887844 -0.43885137407152724 0.5631770458660603 0.6667231836907103 -0.006746179425423586 0.3801316203908132 0.32652056633401016 2
HH0647-rgb_2017_2_4_21_0_1 2860 0.5034030470425253 -0.2945991643977212 0.6259264071427706 0.01689478063167969 -0.43114219418843464 -0.286181956295671 0.033714415860192366 2
HH0647-rgb_2017_2_4_21_0_1 2860 0.9572515121976369 1.220049037177242 0.9853091126366568 1.0946589613149498 -2.3409242606219847 -1.2856523213253974 0.2533190287155557 2
HH0647-rgb_2017_2_4_21_0_1 8395 -0.5051490977466118 -0.5470405313268817 0.5688815332548521 0.6667231836907103 0.20545182795608197 1.2130235912489185 0.21671825990632848 1
HH0647-rgb_2017_2_4_21_0_1 905 -0.0008730253520432782 -0.2945991643977212 0.7599818607793789 0.6191747639546836 -0.21894418680692912 -0.286181956295671 -0.33229327223207983 2
HH0647-rgb_2017_2_4_21_0_1 6145 -0.3538662760282413 -0.43885137407152724 -0.46363068411647157 0.2070884595757862 -0.006746179425423586 0.5467100145624343 -0.0760878905674893 1
HH0647-rgb_2017_2_4_21_0_1 2445 -0.3034386687887844 -0.43885137407152724 0.6287786508371666 0.11199162010373294 -0.006746179425423586 -0.11960356212404996 -0.29569250342285264 1
HH0647-rgb_2017_2_4_21_0_1 4020 -0.6060043122255255 -0.5831035837453332 -0.42655151608932457 0.15954003983975956 1.478639872245115 -0.286181956295671 -0.844704035561261 0
HH0647-rgb_2017_2_4_21_0_1 520 0.3521202253241547 -0.18641000714236672 0.6886757684194809 0.34973371878386605 -0.6433402015699402 -1.2856523213253974 -0.5518978850874432 2
HH0647-rgb_2017_2_4_21_0_1 5470 nan nan nan nan nan nan nan 0
HH0647-rgb_2017_2_4_21_0_1 1170 0.3521202253241547 -0.2945991643977212 0.7514251296961911 0.5874758174639992 -0.43114219418843464 -0.7859171388105343 -0.14928942818594376 2
HH0647-rgb_2017_2_4_21_0_1 7515 -0.5051490977466118 -0.36672526923462423 0.5603248021716644 0.6667231836907103 0.4176498353375875 0.7132884087340554 0.802330560853964 1
HH0647-rgb_2017_2_4_21_0_1 3015 -0.3034386687887844 -0.43885137407152724 -0.7802297341944189 -0.1732988983124268 0.629847842719093 1.7127587737637817 -0.9179055731797154 2
HH0647-rgb_2017_2_4_21_0_1 3015 -0.5051490977466118 -0.36672526923462423 0.5118366593669337 -1.472955704430488 0.4176498353375875 -0.11960356212404996 1.8271520875123264 1
HH0647-rgb_2017_2_4_21_0_1 3015 -0.3034386687887844 -0.2945991643977212 0.6259264071427706 0.06444320036770632 0.20545182795608197 0.3801316203908132 0.5461251791893735 1
HH0647-rgb_2017_2_4_21_0_1 3015 0.6546858687608959 0.3545357791344058 1.013831549580616 1.0471105415789232 0.4176498353375875 0.21355322621919218 0.9853344049001002 2
HH0647-rgb_2017_2_4_21_0_1 8140 -0.3034386687887844 -0.36672526923462423 0.5603248021716644 0.7142716034267369 0.629847842719093 0.5467100145624343 0.8755320984724185 1
HH0647-rgb_2017_2_4_21_0_1 3940 -0.6060043122255255 -0.5470405313268817 -0.4579261967276797 0.2070884595757862 -0.006746179425423586 -1.4522307154970184 -0.2224909658043982 1
HH0647-rgb_2017_2_4_21_0_1 285 -0.05130063259150013 -0.33066221681617275 0.6858235247250849 0.34973371878386605 -0.6433402015699402 -0.45276035046729207 -0.7715024979428066 2
HH0647-rgb_2017_2_4_21_0_1 4785 -0.7068595267044392 -0.6912927410006877 -0.46363068411647157 0.11199162010373294 -0.006746179425423586 -0.45276035046729207 1.095136711327782 1
HH0647-rgb_2017_2_4_21_0_1 4785 -0.7572871339438961 -0.00609474505010922 -0.9713300617189456 -0.1574494250670846 0.20545182795608197 -0.6193387446389131 2.412764388459962 0
HH0647-rgb_2017_2_4_21_0_1 4785 2.2179416931840583 3.023201658099817 -0.22689445748161005 0.4765295047466037 -1.4921322310959624 -0.11960356212404996 0.2533190287155557 2
HH0647-rgb_2017_2_4_21_0_1 1825 nan nan nan nan nan nan nan 0
HH0647-rgb_2017_2_4_21_0_1 4975 nan nan nan nan nan nan nan 0
HH0647-rgb_2017_2_4_21_0_1 6810 -0.6564319194649824 -0.5470405313268817 -0.4664829278108675 0.25463687931181284 0.629847842719093 0.3801316203908132 0.2899197975247829 1
HH0647-rgb_2017_2_4_21_0_1 6810 -0.15215584707041385 -0.43885137407152724 0.537506852616497 0.6350242372000258 0.20545182795608197 0.3801316203908132 1.095136711327782 1
HH0647-rgb_2017_2_4_21_0_1 440 0.251265010845241 -0.33066221681617275 0.6858235247250849 0.3972821385198927 -0.8555382089514458 -0.286181956295671 -0.25909173461362545 2
HH0647-rgb_2017_2_4_21_0_1 2525 -0.0008730253520432782 -0.5831035837453332 0.6259264071427706 0.06444320036770632 -1.0677362163329513 -0.6193387446389131 -0.844704035561261 2
HH0647-rgb_2017_2_4_21_0_1 2525 0.5538306542819821 0.10209441220524529 1.013831549580616 0.9995621218428966 -0.21894418680692912 0.3801316203908132 0.802330560853964 2
HH0647-rgb_2017_2_4_21_0_1 8020 -0.20258345430987068 -0.1503469547239152 0.5546203147828725 0.6667231836907103 0.4176498353375875 0.5467100145624343 0.8389313296631913 1
HH0647-rgb_2017_2_4_21_0_1 3175 -0.3538662760282413 -0.2945991643977212 -0.7773774905000229 -0.1574494250670846 0.20545182795608197 0.7132884087340554 -1.686521718173487 2
HH0647-rgb_2017_2_4_21_0_1 3175 -0.7068595267044392 -0.5470405313268817 -0.4579261967276797 0.15954003983975956 -0.006746179425423586 -0.6193387446389131 -0.8081032667520337 1
HH0647-rgb_2017_2_4_21_0_1 3175 -0.0008730253520432782 0.02996830736834228 0.574586020643644 0.11199162010373294 -0.21894418680692912 0.3801316203908132 0.18011749109710126 2
HH0647-rgb_2017_2_4_21_0_1 7475 -0.4042938832676981 -0.43885137407152724 0.5631770458660603 0.7142716034267369 1.2664418648636095 0.3801316203908132 0.8389313296631913 1
HH0647-rgb_2017_2_4_21_0_1 1010 -0.0008730253520432782 -0.2945991643977212 0.7599818607793789 0.6191747639546836 -0.6433402015699402 -0.45276035046729207 -0.18589019699517098 2
HH0647-rgb_2017_2_4_21_0_1 6780 -0.3538662760282413 -0.43885137407152724 -0.4550739530332838 0.25463687931181284 -0.006746179425423586 0.8798668029056764 -1.1375101860350787 2
HH0647-rgb_2017_2_4_21_0_1 6780 -0.10172823983095698 -0.1503469547239152 0.5289501215333092 0.6191747639546836 0.629847842719093 0.21355322621919218 0.802330560853964 2
HH0647-rgb_2017_2_4_21_0_1 3820 -0.3034386687887844 -0.5470405313268817 -0.44081273456130415 0.01689478063167969 0.4176498353375875 2.045915562107024 -1.4669171053181238 2
HH0647-rgb_2017_2_4_21_0_1 6970 -0.6564319194649824 -0.5470405313268817 -0.4664829278108675 0.3021852990478394 -0.006746179425423586 -0.45276035046729207 -0.8813048043704882 1
HH0647-rgb_2017_2_4_21_0_1 6970 -0.25301106154932756 -0.4749144264899787 0.5318023652277052 0.5874758174639992 0.20545182795608197 0.3801316203908132 0.07031518466941959 2
HH0647-rgb_2017_2_4_21_0_1 6555 -0.6564319194649824 -0.6912927410006877 -0.4550739530332838 0.25463687931181284 -0.006746179425423586 0.0469748320475711 -0.40549480985053427 1
HH0647-rgb_2017_2_4_21_0_1 6555 -0.05130063259150013 -0.22247305956081823 0.5318023652277052 0.6350242372000258 0.629847842719093 -0.7859171388105343 0.21671825990632848 2
HH0647-rgb_2017_2_4_21_0_1 4430 nan nan nan nan nan nan nan 0
HH0647-rgb_2017_2_4_21_0_1 130 0.251265010845241 -0.33066221681617275 0.6858235247250849 0.34973371878386605 -1.0677362163329513 -0.7859171388105343 -0.11268865937671653 2
HH0647-rgb_2017_2_4_21_0_1 5060 nan nan nan nan nan nan nan 0
HH0647-rgb_2017_2_4_21_0_1 7105 -0.3538662760282413 -0.5470405313268817 -0.47503965889405525 0.3021852990478394 -0.6433402015699402 0.7132884087340554 -0.40549480985053427 1
HH0647-rgb_2017_2_4_21_0_1 7105 -0.10172823983095698 -0.18641000714236672 0.5318023652277052 0.571626344218657 0.20545182795608197 0.21355322621919218 0.32652056633401016 2
HH0647-rgb_2017_2_4_21_0_1 3405 0.251265010845241 0.5709140936451148 -0.740298322472876 -0.1574494250670846 0.8420458501005986 -1.2856523213253974 -2.4185370943580313 2
HH0647-rgb_2017_2_4_21_0_1 3405 -1.1102803846200942 -0.8355449506744937 -0.47503965889405525 0.06444320036770632 0.20545182795608197 -0.286181956295671 -0.7715024979428066 0
HH0647-rgb_2017_2_4_21_0_1 3405 0.30169261808469783 -0.1503469547239152 0.5945517265044155 0.06444320036770632 0.4176498353375875 0.3801316203908132 -0.4420955786597615 2
HH0647-rgb_2017_2_4_21_0_1 3405 0.8563962977187233 0.6069771460635663 1.0052748184974283 1.0471105415789232 -0.6433402015699402 1.2130235912489185 2.119958237986144 2
HH0647-rgb_2017_2_4_21_0_1 7850 -0.3034386687887844 -0.43885137407152724 0.5631770458660603 0.6667231836907103 -0.006746179425423586 0.3801316203908132 -0.14928942818594376 2
HH0647-rgb_2017_2_4_21_0_1 695 -0.0008730253520432782 -0.43885137407152724 0.7628341044737749 0.6191747639546836 -0.006746179425423586 -0.6193387446389131 -0.25909173461362545 2
HH0647-rgb_2017_2_4_21_0_1 5935 2.8230729800575407 5.078795645951553 -0.4008813228397613 0.2070884595757862 -1.704330238477468 -2.951436263041608 -0.6617001915151248 2
HH0647-rgb_2017_2_4_21_0_1 4395 -0.6564319194649824 -0.6912927410006877 -0.46363068411647157 0.15954003983975956 -0.6433402015699402 -0.9524955329821553 0.9853344049001002 1
HH0647-rgb_2017_2_4_21_0_1 865 -0.10172823983095698 -0.2945991643977212 0.7599818607793789 0.6191747639546836 -0.43114219418843464 -0.45276035046729207 0.6193267168078279 1
HH0647-rgb_2017_2_4_21_0_1 2900 0.20083740360578414 0.2463466218790513 0.608812944976395 0.2070884595757862 -0.21894418680692912 0.21355322621919218 1.131737480137009 2
HH0647-rgb_2017_2_4_21_0_1 2900 0.1504097963663273 0.9315446178296298 0.976752381553469 1.1422073810509765 -0.21894418680692912 -0.6193387446389131 -0.2224909658043982 2
HH0647-rgb_2017_2_4_21_0_1 870 -0.0008730253520432782 -0.2945991643977212 0.7599818607793789 0.6191747639546836 -0.43114219418843464 -0.45276035046729207 -0.2224909658043982 2
HH0647-rgb_2017_2_4_21_0_1 2915 -0.10172823983095698 0.4266618839713088 0.5859949954212277 0.11199162010373294 -0.6433402015699402 0.7132884087340554 0.7291290232355097 1
HH0647-rgb_2017_2_4_21_0_1 2915 0.251265010845241 0.8954815654111783 0.9539344319983016 1.0946589613149498 -1.0677362163329513 -1.4522307154970184 0.2899197975247829 2
HH0647-rgb_2017_2_4_21_0_1 7845 -0.3034386687887844 -0.43885137407152724 0.5631770458660603 0.6667231836907103 -0.21894418680692912 0.5467100145624343 0.21671825990632848 2
HH0647-rgb_2017_2_4_21_0_1 4380 -0.3034386687887844 -0.5470405313268817 -0.44936946564449193 0.11199162010373294 -1.2799342237144569 0.3801316203908132 1.6441482434661903 1
HH0647-rgb_2017_2_4_21_0_1 4380 1.2093895483949213 5.727930589483679 1.5072697087111104 -0.23669679129379564 -0.006746179425423586 0.5467100145624343 2.595768232506098 0
HH0647-rgb_2017_2_4_21_0_1 680 -0.10172823983095698 -0.33066221681617275 0.7685385918625667 0.6667231836907103 -0.006746179425423586 -0.45276035046729207 -0.14928942818594376 2
HH0647-rgb_2017_2_4_21_0_1 5920 2.016231264226231 5.2591109080438105 0.354963256175158 0.4131316117652349 -2.55312226800349 -1.1190739271537764 0.4729236415709191 0
HH0647-rgb_2017_2_4_21_0_1 5075 nan nan nan nan nan nan nan 0
HH0647-rgb_2017_2_4_21_0_1 3410 -0.05130063259150013 0.3184727267159543 -0.7460028098616678 -0.20499784480311123 -0.006746179425423586 -0.9524955329821553 -2.638141707213395 2
HH0647-rgb_2017_2_4_21_0_1 3410 -0.7068595267044392 -0.6912927410006877 -0.46363068411647157 -0.030653639104346937 -1.0677362163329513 -0.11960356212404996 -0.515297116278216 1
HH0647-rgb_2017_2_4_21_0_1 3410 0.30169261808469783 -0.1503469547239152 0.5945517265044155 0.06444320036770632 0.20545182795608197 0.3801316203908132 -0.2224909658043982 2
HH0647-rgb_2017_2_4_21_0_1 7110 -0.7068595267044392 -0.5470405313268817 -0.47503965889405525 0.3021852990478394 -0.43114219418843464 -0.286181956295671 -0.7349017291335793 1
HH0647-rgb_2017_2_4_21_0_1 7110 -0.05130063259150013 -0.5109774789084303 0.540359096310893 0.6350242372000258 -0.21894418680692912 0.0469748320475711 0.2533190287155557 2
HH0647-rgb_2017_2_4_21_0_1 6540 -0.9589975629017234 -0.6912927410006877 -0.4550739530332838 0.25463687931181284 0.20545182795608197 -0.6193387446389131 -0.33229327223207983 0
HH0647-rgb_2017_2_4_21_0_1 6540 -0.10172823983095698 -0.5470405313268817 0.5432113400052888 0.571626344218657 -0.21894418680692912 -0.6193387446389131 0.32652056633401016 1
HH0647-rgb_2017_2_4_21_0_1 125 0.20083740360578414 -0.33066221681617275 0.6858235247250849 0.34973371878386605 -0.6433402015699402 -0.9524955329821553 -0.515297116278216 2
HH0647-rgb_2017_2_4_21_0_1 4425 nan nan nan nan nan nan nan 0
HH0647-rgb_2017_2_4_21_0_1 6965 -0.3538662760282413 -0.5470405313268817 -0.4664829278108675 0.3021852990478394 -0.21894418680692912 0.8798668029056764 -0.9911071107981698 2
HH0647-rgb_2017_2_4_21_0_1 6965 -0.25301106154932756 -0.4749144264899787 0.5318023652277052 0.5874758174639992 0.20545182795608197 0.3801316203908132 0.2899197975247829 2
HH0647-rgb_2017_2_4_21_0_1 6795 -0.6564319194649824 -0.5470405313268817 -0.4579261967276797 0.25463687931181284 -0.006746179425423586 0.21355322621919218 -0.9545063419889426 1
HH0647-rgb_2017_2_4_21_0_1 6795 -0.05130063259150013 -0.43885137407152724 0.537506852616497 0.6350242372000258 0.4176498353375875 0.3801316203908132 1.2415397865646907 1
HH0647-rgb_2017_2_4_21_0_1 3835 -0.3538662760282413 -0.43885137407152724 -0.43796049086690825 0.0327442538770219 -0.21894418680692912 2.212493956278645 1.095136711327782 1
HH0647-rgb_2017_2_4_21_0_1 3835 nan nan nan nan nan nan nan 0
HH0647-rgb_2017_2_4_21_0_1 7460 -0.5051490977466118 -0.36672526923462423 0.5603248021716644 0.6667231836907103 1.054243857482104 0.7132884087340554 0.7657297920447369 1
HH0647-rgb_2017_2_4_21_0_1 8035 -0.6060043122255255 -0.2945991643977212 0.5489158273940807 0.6667231836907103 0.4176498353375875 0.3801316203908132 0.8755320984724185 1
HH0647-rgb_2017_2_4_21_0_1 3160 -0.7068595267044392 -0.43885137407152724 -0.7716730031112311 -0.1732988983124268 -0.43114219418843464 -0.6193387446389131 -1.0643086484166242 0
HH0647-rgb_2017_2_4_21_0_1 3160 -0.8581423484228098 -0.6912927410006877 -0.46363068411647157 0.2070884595757862 -0.006746179425423586 -0.7859171388105343 -1.5401186429365783 0
HH0647-rgb_2017_2_4_21_0_1 3160 -0.0008730253520432782 -0.33066221681617275 0.5859949954212277 0.06444320036770632 -0.006746179425423586 -0.11960356212404996 -0.4420955786597615 2
HH0647-rgb_2017_2_4_21_0_1 3160 0.3521202253241547 0.17422051704214828 1.01097930588622 1.0946589613149498 0.629847842719093 -0.11960356212404996 0.802330560853964 2
HH0647-rgb_2017_2_4_21_0_1 1005 0.3521202253241547 -0.18641000714236672 0.7571296170849829 0.6350242372000258 -0.43114219418843464 -0.6193387446389131 -0.18589019699517098 2
HH0647-rgb_2017_2_4_21_0_1 4155 -0.7068595267044392 -0.5470405313268817 -0.4579261967276797 0.15954003983975956 0.629847842719093 -1.7853875038402607 -0.25909173461362545 0
HH0647-rgb_2017_2_4_21_0_1 455 0.5538306542819821 -0.18641000714236672 0.6886757684194809 0.34973371878386605 -1.2799342237144569 -0.7859171388105343 -0.14928942818594376 2
HH0647-rgb_2017_2_4_21_0_1 4960 nan nan nan nan nan nan nan 0
HH0647-rgb_2017_2_4_21_0_1 6805 -0.6564319194649824 -0.5470405313268817 -0.4579261967276797 0.25463687931181284 -0.21894418680692912 0.5467100145624343 -0.8813048043704882 1
HH0647-rgb_2017_2_4_21_0_1 6805 0.049554581887413574 -0.22247305956081823 0.5318023652277052 0.6350242372000258 0.8420458501005986 -0.11960356212404996 0.43632287276169185 2
HH0647-rgb_2017_2_4_21_0_1 3955 -0.45472149050715494 -0.5470405313268817 -0.4579261967276797 0.2070884595757862 -0.6433402015699402 -0.9524955329821553 0.6193267168078279 1
HH0647-rgb_2017_2_4_21_0_1 4790 nan nan nan nan nan nan nan 0
HH0647-rgb_2017_2_4_21_0_1 4790 -0.7068595267044392 0.6069771460635663 -0.997000254968509 -0.07820205884037357 0.629847842719093 -3.1180146572132292 1.4611443994200541 0
HH0647-rgb_2017_2_4_21_0_1 4790 4.386328804480703 4.898480383859295 -0.38947234806217756 0.25463687931181284 -1.2799342237144569 0.0469748320475711 2.266361313223053 2
HH0647-rgb_2017_2_4_21_0_1 1830 nan nan nan nan nan nan nan 0
HH0647-rgb_2017_2_4_21_0_1 290 0.049554581887413574 -0.33066221681617275 0.6858235247250849 0.3972821385198927 -0.21894418680692912 0.0469748320475711 -0.515297116278216 2
HH0647-rgb_2017_2_4_21_0_1 1165 0.40254783256361154 -0.2945991643977212 0.7514251296961911 0.571626344218657 -0.8555382089514458 -1.1190739271537764 -0.25909173461362545 2
HH0647-rgb_2017_2_4_21_0_1 3000 -0.6564319194649824 -0.43885137407152724 -0.7802297341944189 -0.1574494250670846 -0.43114219418843464 -0.11960356212404996 -1.1009094172258516 1
HH0647-rgb_2017_2_4_21_0_1 3000 -0.7068595267044392 0.17422051704214828 0.7542773733905871 -1.330310445222408 -0.006746179425423586 -1.1190739271537764 -0.9179055731797154 0
HH0647-rgb_2017_2_4_21_0_1 3000 0.30169261808469783 -0.6912927410006877 0.648744356697938 0.06444320036770632 -0.6433402015699402 -0.9524955329821553 -0.9179055731797154 2
HH0647-rgb_2017_2_4_21_0_1 3000 0.5538306542819821 0.02996830736834228 1.0252405243581997 1.0471105415789232 1.2664418648636095 1.5461803795921607 1.3147413241831452 2
HH0647-rgb_2017_2_4_21_0_1 8155 -0.3034386687887844 -0.43885137407152724 0.5631770458660603 0.6667231836907103 0.20545182795608197 0.5467100145624343 0.033714415860192366 2
HH0647-rgb_2017_2_4_21_0_1 7500 -0.3034386687887844 -0.43885137407152724 0.5631770458660603 0.6667231836907103 -0.21894418680692912 0.5467100145624343 0.5095244103801463 1
HH0647-rgb_2017_2_4_21_0_1 2450 -0.3034386687887844 -0.2945991643977212 0.6259264071427706 0.06444320036770632 0.20545182795608197 -0.7859171388105343 0.033714415860192366 1
HH0647-rgb_2017_2_4_21_0_1 6150 -0.7068595267044392 -0.5470405313268817 -0.4664829278108675 0.2070884595757862 0.629847842719093 0.21355322621919218 -0.33229327223207983 1
HH0647-rgb_2017_2_4_21_0_1 535 0.3521202253241547 -0.18641000714236672 0.6886757684194809 0.3972821385198927 -0.8555382089514458 -0.11960356212404996 -0.515297116278216 2
HH0647-rgb_2017_2_4_21_0_1 4035 -0.6060043122255255 -0.5831035837453332 -0.42655151608932457 0.15954003983975956 1.6908378796266206 -0.6193387446389131 -1.2839132612719877 0
HH0647-rgb_2017_2_4_21_0_1 8380 -0.5051490977466118 -0.5470405313268817 0.5688815332548521 0.6667231836907103 0.20545182795608197 0.8798668029056764 0.07031518466941959 2
HH0647-rgb_2017_2_4_21_0_1 2875 0.40254783256361154 -0.22247305956081823 0.6145174323651869 0.01689478063167969 -0.006746179425423586 0.0469748320475711 -0.0760878905674893 2
HH0647-rgb_2017_2_4_21_0_1 2875 0.251265010845241 0.5709140936451148 1.0052748184974283 1.0946589613149498 -2.3409242606219847 -1.6188091096686394 1.3513420929923725 1
HH0647-rgb_2017_2_4_21_0_1 910 -0.0008730253520432782 -0.2945991643977212 0.7599818607793789 0.6191747639546836 -0.21894418680692912 -0.286181956295671 -0.33229327223207983 2
HH0647-rgb_2017_2_4_21_0_1 2685 0.30169261808469783 -0.6552296885822362 0.6287786508371666 0.01689478063167969 -0.8555382089514458 -0.7859171388105343 -0.9179055731797154 2
HH0647-rgb_2017_2_4_21_0_1 7925 -0.5051490977466118 -0.36672526923462423 0.5603248021716644 0.6667231836907103 0.20545182795608197 0.8798668029056764 0.5095244103801463 1
HH0647-rgb_2017_2_4_21_0_1 6385 -0.7068595267044392 -0.5470405313268817 -0.4664829278108675 0.25463687931181284 0.20545182795608197 -0.6193387446389131 -0.9545063419889426 1
HH0647-rgb_2017_2_4_21_0_1 7070 -0.3538662760282413 -0.43885137407152724 -0.46363068411647157 0.25463687931181284 0.20545182795608197 0.8798668029056764 -0.29569250342285264 1
HH0647-rgb_2017_2_4_21_0_1 7070 -0.10172823983095698 -0.11428390230546372 0.5289501215333092 0.6191747639546836 0.4176498353375875 -0.286181956295671 0.3997221039524646 2
HH0647-rgb_2017_2_4_21_0_1 3570 -0.05130063259150013 -0.43885137407152724 -0.8315701206935455 -0.20499784480311123 1.054243857482104 0.5467100145624343 0.033714415860192366 1
HH0647-rgb_2017_2_4_21_0_1 3570 -0.7068595267044392 -0.6912927410006877 -0.4550739530332838 0.11199162010373294 0.20545182795608197 0.5467100145624343 -0.0760878905674893 1
HH0647-rgb_2017_2_4_21_0_1 3570 -0.3538662760282413 -0.43885137407152724 0.6287786508371666 0.11199162010373294 -0.21894418680692912 0.3801316203908132 -0.25909173461362545 1
HH0647-rgb_2017_2_4_21_0_1 3570 0.7555410832398095 -0.11428390230546372 1.0309450117469914 1.0471105415789232 -2.128726253240479 -0.11960356212404996 -0.18589019699517098 2
HH0647-rgb_2017_2_4_21_0_1 5115 nan nan nan nan nan nan nan 0
HH0647-rgb_2017_2_4_21_0_1 4545 -0.9085699556622666 -0.6552296885822362 -0.47218741519965934 0.11199162010373294 1.2664418648636095 -1.4522307154970184 -0.40549480985053427 0
HH0647-rgb_2017_2_4_21_0_1 4545 -1.1102803846200942 0.10209441220524529 -1.0397839103844477 -0.07820205884037357 0.20545182795608197 -2.784857868869987 1.8271520875123264 0
HH0647-rgb_2017_2_4_21_0_1 45 0.049554581887413574 -0.33066221681617275 0.6858235247250849 0.3972821385198927 -0.6433402015699402 0.21355322621919218 -0.18589019699517098 2
HH0647-rgb_2017_2_4_21_0_1 6420 -0.3538662760282413 -0.5470405313268817 -0.47503965889405525 0.25463687931181284 -0.006746179425423586 0.3801316203908132 -1.1009094172258516 2
HH0647-rgb_2017_2_4_21_0_1 2650 0.5034030470425253 -0.2945991643977212 0.608812944976395 0.01689478063167969 -0.8555382089514458 0.0469748320475711 -0.0760878905674893 2
HH0647-rgb_2017_2_4_21_0_1 2650 0.251265010845241 0.8954815654111783 0.9796046252478648 1.0946589613149498 -1.2799342237144569 -1.6188091096686394 0.5461251791893735 2
HH0647-rgb_2017_2_4_21_0_1 6350 -0.7572871339438961 -0.5470405313268817 -0.47503965889405525 0.3021852990478394 -0.6433402015699402 0.0469748320475711 -0.9911071107981698 1
HH0647-rgb_2017_2_4_21_0_1 735 -0.10172823983095698 -0.2945991643977212 0.7599818607793789 0.6191747639546836 -0.006746179425423586 -0.6193387446389131 -0.0760878905674893 2
HH0647-rgb_2017_2_4_21_0_1 4235 -0.7068595267044392 -0.6912927410006877 -0.4294037597837205 0.01689478063167969 -0.006746179425423586 0.5467100145624343 -1.4303163365088964 1
HH0647-rgb_2017_2_4_21_0_1 5665 nan nan nan nan nan nan nan 0
HH0647-rgb_2017_2_4_21_0_1 3200 -0.0008730253520432782 0.3184727267159543 -0.7203326166121046 -0.12575047857640018 0.4176498353375875 -0.45276035046729207 -2.821145551259531 2
HH0647-rgb_2017_2_4_21_0_1 3200 -0.7068595267044392 -0.6912927410006877 -0.46363068411647157 0.11199162010373294 -0.006746179425423586 -0.11960356212404996 -1.1009094172258516 1
HH0647-rgb_2017_2_4_21_0_1 3200 0.20083740360578414 -0.07822084988701222 0.5859949954212277 0.06444320036770632 -0.006746179425423586 0.0469748320475711 0.07031518466941959 2
HH0647-rgb_2017_2_4_21_0_1 8355 -0.3034386687887844 -0.36672526923462423 0.5603248021716644 0.7142716034267369 0.8420458501005986 0.5467100145624343 0.6559274856170552 2
HH0647-rgb_2017_2_4_21_0_1 7700 -0.4042938832676981 -0.07822084988701222 0.5517680710884766 0.6667231836907103 -0.006746179425423586 0.5467100145624343 1.278140555373918 1
HH0647-rgb_2017_2_4_21_0_1 4590 -0.4042938832676981 -0.6912927410006877 -0.46363068411647157 0.11199162010373294 -0.6433402015699402 0.7132884087340554 1.3147413241831452 1
HH0647-rgb_2017_2_4_21_0_1 4590 0.6042582615214389 -0.33066221681617275 -0.8572403139431087 -0.44273994348324436 -1.9165282458589736 1.3796019854205397 1.3147413241831452 1
HH0647-rgb_2017_2_4_21_0_1 4590 nan nan nan nan nan nan nan 0
HH0647-rgb_2017_2_4_21_0_1 90 0.251265010845241 -0.33066221681617275 0.6858235247250849 0.34973371878386605 -1.0677362163329513 -0.45276035046729207 -0.6250994227058976 2
HH0647-rgb_2017_2_4_21_0_1 4745 -0.8581423484228098 0.02996830736834228 -1.0198182045236763 -0.20499784480311123 -0.006746179425423586 -0.7859171388105343 2.595768232506098 0
HH0647-rgb_2017_2_4_21_0_1 4745 nan nan nan nan nan nan nan 0
HH0647-rgb_2017_2_4_21_0_1 245 0.3521202253241547 -0.18641000714236672 0.6886757684194809 0.3972821385198927 -1.0677362163329513 0.21355322621919218 0.2533190287155557 2
HH0647-rgb_2017_2_4_21_0_1 6620 -1.0094251701411803 -0.6912927410006877 -0.4950053647548267 0.3021852990478394 -0.6433402015699402 -0.286181956295671 -0.7349017291335793 1
HH0647-rgb_2017_2_4_21_0_1 6620 -0.10172823983095698 -0.5470405313268817 0.5432113400052888 0.571626344218657 -0.6433402015699402 -0.11960356212404996 -0.5518978850874432 2
HH0647-rgb_2017_2_4_21_0_1 3980 -0.7068595267044392 -0.6912927410006877 -0.46363068411647157 0.2070884595757862 -0.21894418680692912 -1.6188091096686394 -0.9911071107981698 1
HH0647-rgb_2017_2_4_21_0_1 3770 nan nan nan nan nan nan nan 0
HH0647-rgb_2017_2_4_21_0_1 5315 nan nan nan nan nan nan nan 0
HH0647-rgb_2017_2_4_21_0_1 2485 0.30169261808469783 -0.5831035837453332 0.6259264071427706 0.06444320036770632 -1.0677362163329513 -0.286181956295671 -0.18589019699517098 2
HH0647-rgb_2017_2_4_21_0_1 2485 -0.10172823983095698 -0.18641000714236672 0.9824568689422608 0.9995621218428966 1.903035887008126 -0.45276035046729207 0.6193267168078279 2
HH0647-rgb_2017_2_4_21_0_1 6185 -0.3538662760282413 -0.5470405313268817 -0.47503965889405525 0.25463687931181284 0.20545182795608197 0.3801316203908132 -0.33229327223207983 1
HH0647-rgb_2017_2_4_21_0_1 8180 -0.5051490977466118 -0.43885137407152724 0.5631770458660603 0.6667231836907103 0.8420458501005986 0.7132884087340554 0.2899197975247829 1
HH0647-rgb_2017_2_4_21_0_1 6740 -0.6564319194649824 -0.5470405313268817 -0.4579261967276797 0.25463687931181284 0.8420458501005986 0.3801316203908132 -0.4420955786597615 1
HH0647-rgb_2017_2_4_21_0_1 6740 -0.25301106154932756 -0.4749144264899787 0.540359096310893 0.6350242372000258 1.054243857482104 0.0469748320475711 0.6193267168078279 1
HH0647-rgb_2017_2_4_21_0_1 325 0.3521202253241547 -0.18641000714236672 0.6886757684194809 0.3972821385198927 -0.8555382089514458 0.3801316203908132 -0.29569250342285264 2
HH0647-rgb_2017_2_4_21_0_1 4625 -0.7068595267044392 -0.6912927410006877 -0.46363068411647157 0.11199162010373294 -0.21894418680692912 -0.45276035046729207 1.0219351737093274 1
HH0647-rgb_2017_2_4_21_0_1 4625 0.5538306542819821 -0.2945991643977212 -0.8600925576375047 -0.3951915237472177 -2.128726253240479 0.8798668029056764 1.790551318703099 1
HH0647-rgb_2017_2_4_21_0_1 4625 nan nan nan nan nan nan nan 0
HH0647-rgb_2017_2_4_21_0_1 1775 nan nan nan nan nan nan nan 0
HH0647-rgb_2017_2_4_21_0_1 5275 nan nan nan nan nan nan nan 0
HH0647-rgb_2017_2_4_21_0_1 480 0.5538306542819821 -0.18641000714236672 0.6886757684194809 0.34973371878386605 -1.0677362163329513 -0.7859171388105343 -0.29569250342285264 2
HH0647-rgb_2017_2_4_21_0_1 4355 -0.7068595267044392 -0.6912927410006877 -0.4550739530332838 0.01689478063167969 -0.8555382089514458 1.3796019854205397 1.5343459370385086 1
HH0647-rgb_2017_2_4_21_0_1 655 0.30169261808469783 -0.33066221681617275 0.7685385918625667 0.6667231836907103 0.20545182795608197 -0.45276035046729207 0.10691595347864681 2
HH0647-rgb_2017_2_4_21_0_1 6230 -0.7572871339438961 -0.5470405313268817 -0.47503965889405525 0.3021852990478394 -0.6433402015699402 -0.286181956295671 -0.844704035561261 1
HH0647-rgb_2017_2_4_21_0_1 2730 0.30169261808469783 -0.5831035837453332 0.6259264071427706 0.06444320036770632 -0.8555382089514458 -0.6193387446389131 -0.5884986538966704 2
HH0647-rgb_2017_2_4_21_0_1 7890 -0.3034386687887844 -0.43885137407152724 0.5631770458660603 0.6667231836907103 -0.006746179425423586 0.3801316203908132 0.3631213351432374 1
HH0647-rgb_2017_2_4_21_0_1 7660 -0.3034386687887844 -0.43885137407152724 0.5631770458660603 0.6667231836907103 0.4176498353375875 0.21355322621919218 0.10691595347864681 2
HH0647-rgb_2017_2_4_21_0_1 8235 -0.5051490977466118 -0.5470405313268817 0.5688815332548521 0.6667231836907103 -0.006746179425423586 0.7132884087340554 -0.2224909658043982 2
HH0647-rgb_2017_2_4_21_0_1 3360 0.251265010845241 0.5709140936451148 -0.740298322472876 -0.1574494250670846 0.629847842719093 -1.1190739271537764 -2.7113432448318493 2
HH0647-rgb_2017_2_4_21_0_1 3360 -0.7068595267044392 -0.5470405313268817 -0.4579261967276797 0.11199162010373294 -0.21894418680692912 0.0469748320475711 -1.1009094172258516 1
HH0647-rgb_2017_2_4_21_0_1 3360 0.30169261808469783 0.17422051704214828 0.5774382643380399 0.01689478063167969 -0.006746179425423586 0.21355322621919218 0.033714415860192366 2
HH0647-rgb_2017_2_4_21_0_1 6595 -0.6564319194649824 -0.5470405313268817 -0.4579261967276797 0.25463687931181284 0.4176498353375875 0.21355322621919218 -0.29569250342285264 1
HH0647-rgb_2017_2_4_21_0_1 6595 -0.20258345430987068 -0.5109774789084303 0.540359096310893 0.571626344218657 -0.6433402015699402 -0.11960356212404996 0.4729236415709191 1
HH0647-rgb_2017_2_4_21_0_1 6580 -0.3538662760282413 -0.43885137407152724 -0.4550739530332838 0.25463687931181284 0.20545182795608197 0.8798668029056764 -0.7715024979428066 2
HH0647-rgb_2017_2_4_21_0_1 6580 0.049554581887413574 -0.22247305956081823 0.5318023652277052 0.6350242372000258 0.20545182795608197 -0.11960356212404996 0.43632287276169185 2
HH0647-rgb_2017_2_4_21_0_1 8220 -0.4042938832676981 -0.6191666361637848 0.5717337769492481 0.7142716034267369 0.8420458501005986 0.3801316203908132 0.10691595347864681 2
HH0647-rgb_2017_2_4_21_0_1 3375 0.20083740360578414 -0.11428390230546372 -0.7773774905000229 -0.1732988983124268 -0.006746179425423586 1.3796019854205397 -1.9793278686473048 2
HH0647-rgb_2017_2_4_21_0_1 3375 -1.0598527773806372 -0.6912927410006877 -0.46363068411647157 0.11199162010373294 -0.006746179425423586 0.0469748320475711 -0.8081032667520337 0
HH0647-rgb_2017_2_4_21_0_1 3375 0.20083740360578414 -0.11428390230546372 0.5945517265044155 0.06444320036770632 -0.006746179425423586 0.5467100145624343 -0.6617001915151248 2
HH0647-rgb_2017_2_4_21_0_1 3375 0.09998218912687043 -0.18641000714236672 1.0223882806638038 1.0788094880696077 1.2664418648636095 -0.9524955329821553 0.6925282544262824 2
HH0647-rgb_2017_2_4_21_0_1 7675 -0.4042938832676981 -0.43885137407152724 0.5717337769492481 0.7142716034267369 0.629847842719093 -0.45276035046729207 0.18011749109710126 1
HH0647-rgb_2017_2_4_21_0_1 640 0.30169261808469783 -0.33066221681617275 0.7685385918625667 0.7142716034267369 -0.006746179425423586 -0.286181956295671 -0.515297116278216 2
HH0647-rgb_2017_2_4_21_0_1 4340 -0.4042938832676981 -0.5470405313268817 -0.44936946564449193 0.01689478063167969 -1.704330238477468 1.7127587737637817 0.9853344049001002 1
HH0647-rgb_2017_2_4_21_0_1 2725 0.5034030470425253 -0.36672526923462423 0.6202219197539788 0.06444320036770632 -1.2799342237144569 -0.286181956295671 -0.03948712175826208 2
HH0647-rgb_2017_2_4_21_0_1 7885 -0.5051490977466118 -0.36672526923462423 0.5603248021716644 0.6667231836907103 0.8420458501005986 0.8798668029056764 0.6559274856170552 1
HH0647-rgb_2017_2_4_21_0_1 6225 -0.3538662760282413 -0.5470405313268817 -0.47503965889405525 0.3021852990478394 -0.6433402015699402 0.7132884087340554 -0.29569250342285264 1
HH0647-rgb_2017_2_4_21_0_1 495 0.6546858687608959 -0.18641000714236672 0.6886757684194809 0.3972821385198927 -1.0677362163329513 -1.1190739271537764 -0.6617001915151248 2
HH0647-rgb_2017_2_4_21_0_1 4195 -0.6060043122255255 -0.5470405313268817 -0.4579261967276797 0.15954003983975956 -0.006746179425423586 -1.6188091096686394 -0.0028863529490348577 1
HH0647-rgb_2017_2_4_21_0_1 5260 nan nan nan nan nan nan nan 0
HH0647-rgb_2017_2_4_21_0_1 6755 -0.3538662760282413 -0.43885137407152724 -0.4550739530332838 0.25463687931181284 -0.006746179425423586 0.7132884087340554 -0.6983009603243521 2
HH0647-rgb_2017_2_4_21_0_1 6755 -0.25301106154932756 -0.4749144264899787 0.540359096310893 0.6350242372000258 0.8420458501005986 0.0469748320475711 0.6193267168078279 1
HH0647-rgb_2017_2_4_21_0_1 4630 -0.7068595267044392 -0.6912927410006877 -0.46363068411647157 0.11199162010373294 -0.6433402015699402 -0.9524955329821553 0.21671825990632848 1
HH0647-rgb_2017_2_4_21_0_1 4630 0.5538306542819821 -0.2945991643977212 -0.8600925576375047 -0.3951915237472177 -2.128726253240479 1.3796019854205397 1.6441482434661903 1
HH0647-rgb_2017_2_4_21_0_1 4630 nan nan nan nan nan nan nan 0
HH0647-rgb_2017_2_4_21_0_1 330 0.3521202253241547 -0.18641000714236672 0.6886757684194809 0.3972821385198927 -1.0677362163329513 0.3801316203908132 -0.18589019699517098 2
HH0647-rgb_2017_2_4_21_0_1 8195 -0.4042938832676981 -0.43885137407152724 0.5631770458660603 0.7142716034267369 1.2664418648636095 0.5467100145624343 0.6193267168078279 1
HH0647-rgb_2017_2_4_21_0_1 6190 -0.3538662760282413 -0.5470405313268817 -0.47503965889405525 0.3021852990478394 -0.43114219418843464 0.3801316203908132 -0.4420955786597615 1
HH0647-rgb_2017_2_4_21_0_1 2490 0.30169261808469783 -0.5831035837453332 0.6259264071427706 0.06444320036770632 -0.8555382089514458 -0.7859171388105343 -0.4786963474689887 2
HH0647-rgb_2017_2_4_21_0_1 3765 nan nan nan nan nan nan nan 0
HH0647-rgb_2017_2_4_21_0_1 7265 -0.6060043122255255 -0.6191666361637848 0.5631770458660603 0.6191747639546836 -0.8555382089514458 0.3801316203908132 1.3513420929923725 1
HH0647-rgb_2017_2_4_21_0_1 5300 nan nan nan nan nan nan nan 0
HH0647-rgb_2017_2_4_21_0_1 250 0.3521202253241547 -0.18641000714236672 0.6886757684194809 0.44483055825591933 -1.0677362163329513 0.5467100145624343 0.3997221039524646 2
HH0647-rgb_2017_2_4_21_0_1 4750 -0.7068595267044392 -0.6912927410006877 -0.46363068411647157 0.11199162010373294 0.4176498353375875 -0.7859171388105343 1.131737480137009 1
HH0647-rgb_2017_2_4_21_0_1 4750 -0.8581423484228098 -0.00609474505010922 -0.9798867928021334 -0.20499784480311123 1.2664418648636095 -1.2856523213253974 2.119958237986144 0
HH0647-rgb_2017_2_4_21_0_1 4750 2.2683693004235153 3.2756430250289776 -0.21833772639842228 0.6350242372000258 0.629847842719093 0.3801316203908132 1.9735551627492351 2
HH0647-rgb_2017_2_4_21_0_1 6635 -1.0094251701411803 -0.6912927410006877 -0.4950053647548267 0.3021852990478394 -0.6433402015699402 -0.11960356212404996 -0.5518978850874432 1
HH0647-rgb_2017_2_4_21_0_1 6635 -0.20258345430987068 -0.4027883216530757 0.537506852616497 0.6191747639546836 0.8420458501005986 0.3801316203908132 0.32652056633401016 2
HH0647-rgb_2017_2_4_21_0_1 3995 -0.7068595267044392 -0.43885137407152724 -0.4294037597837205 0.11199162010373294 0.20545182795608197 -1.2856523213253974 0.14351672228787404 0
HH0647-rgb_2017_2_4_21_0_1 85 0.20083740360578414 -0.33066221681617275 0.6858235247250849 0.34973371878386605 -0.8555382089514458 -0.9524955329821553 -0.6983009603243521 2
HH0647-rgb_2017_2_4_21_0_1 4585 -0.5051490977466118 -0.5470405313268817 -0.4664829278108675 0.06444320036770632 -0.8555382089514458 0.7132884087340554 0.2533190287155557 1
HH0647-rgb_2017_2_4_21_0_1 4585 0.5538306542819821 -0.2945991643977212 -0.8600925576375047 -0.3951915237472177 -1.9165282458589736 -0.7859171388105343 2.1565590067953715 1
HH0647-rgb_2017_2_4_21_0_1 5670 nan nan nan nan nan nan nan 0
HH0647-rgb_2017_2_4_21_0_1 7715 -0.5051490977466118 -0.25853611197926973 0.5489158273940807 0.6667231836907103 0.20545182795608197 0.3801316203908132 0.5461251791893735 1
HH0647-rgb_2017_2_4_21_0_1 3215 0.09998218912687043 0.2824096742975028 -0.7231848603065004 -0.12575047857640018 -0.006746179425423586 -0.286181956295671 -2.7113432448318493 2
HH0647-rgb_2017_2_4_21_0_1 3215 -0.9085699556622666 -0.6552296885822362 -0.47218741519965934 0.15954003983975956 -0.006746179425423586 -0.7859171388105343 -1.2473124924627603 0
HH0647-rgb_2017_2_4_21_0_1 3215 0.20083740360578414 -0.07822084988701222 0.5859949954212277 0.06444320036770632 -0.006746179425423586 0.21355322621919218 -0.11268865937671653 2
HH0647-rgb_2017_2_4_21_0_1 3215 0.049554581887413574 0.4987879888082118 0.973900137859073 0.95201370210687 -0.21894418680692912 -0.11960356212404996 0.5827259479986008 2
HH0647-rgb_2017_2_4_21_0_1 8340 -0.4042938832676981 -0.43885137407152724 0.5631770458660603 0.7142716034267369 1.054243857482104 0.5467100145624343 0.6193267168078279 1
HH0647-rgb_2017_2_4_21_0_1 6345 0.049554581887413574 -0.43885137407152724 -0.48074414628284706 0.3021852990478394 0.4176498353375875 0.0469748320475711 -0.5884986538966704 2
HH0647-rgb_2017_2_4_21_0_1 2645 0.20083740360578414 -0.5831035837453332 0.6173696760595828 0.01689478063167969 -0.6433402015699402 -0.7859171388105343 -0.33229327223207983 2
HH0647-rgb_2017_2_4_21_0_1 2645 0.5538306542819821 0.7512293557373723 0.9853091126366568 1.0946589613149498 -1.0677362163329513 -1.1190739271537764 0.18011749109710126 2
HH0647-rgb_2017_2_4_21_0_1 4220 -0.7068595267044392 -0.6912927410006877 -0.4294037597837205 0.01689478063167969 0.20545182795608197 0.3801316203908132 -1.5767194117458054 1
HH0647-rgb_2017_2_4_21_0_1 720 -0.0008730253520432782 -0.2945991643977212 0.7599818607793789 0.6667231836907103 0.20545182795608197 -0.6193387446389131 0.07031518466941959 2
HH0647-rgb_2017_2_4_21_0_1 5660 nan nan nan nan nan nan nan 0
HH0647-rgb_2017_2_4_21_0_1 7705 -0.3034386687887844 -0.43885137407152724 0.5631770458660603 0.6667231836907103 -0.006746179425423586 0.3801316203908132 -0.14928942818594376 2
HH0647-rgb_2017_2_4_21_0_1 3205 0.09998218912687043 0.2824096742975028 -0.7231848603065004 -0.1732988983124268 0.8420458501005986 0.3801316203908132 -2.5649401695949403 2
HH0647-rgb_2017_2_4_21_0_1 3205 -0.8581423484228098 -0.6912927410006877 -0.46363068411647157 0.15954003983975956 0.20545182795608197 -0.7859171388105343 -1.2107117236535332 0
HH0647-rgb_2017_2_4_21_0_1 3205 -0.0008730253520432782 0.02996830736834228 0.574586020643644 0.11199162010373294 -0.43114219418843464 0.3801316203908132 0.10691595347864681 2
HH0647-rgb_2017_2_4_21_0_1 8350 -0.20258345430987068 -0.4027883216530757 0.5631770458660603 0.7142716034267369 0.8420458501005986 0.7132884087340554 0.6925282544262824 2
HH0647-rgb_2017_2_4_21_0_1 6355 -0.7068595267044392 -0.5470405313268817 -0.47503965889405525 0.3021852990478394 -0.43114219418843464 -0.286181956295671 -0.9179055731797154 1
HH0647-rgb_2017_2_4_21_0_1 2655 0.30169261808469783 -0.6552296885822362 0.6287786508371666 0.01689478063167969 -0.8555382089514458 -0.6193387446389131 -0.8081032667520337 2
HH0647-rgb_2017_2_4_21_0_1 2655 0.1504097963663273 0.9315446178296298 0.976752381553469 1.1422073810509765 -0.43114219418843464 -0.6193387446389131 -0.11268865937671653 2
HH0647-rgb_2017_2_4_21_0_1 4230 -0.7068595267044392 -0.6912927410006877 -0.4294037597837205 0.01689478063167969 0.4176498353375875 0.3801316203908132 -1.4303163365088964 1
HH0647-rgb_2017_2_4_21_0_1 730 -0.0008730253520432782 -0.2945991643977212 0.7599818607793789 0.6191747639546836 -0.006746179425423586 -0.286181956295671 0.21671825990632848 2
HH0647-rgb_2017_2_4_21_0_1 95 0.5538306542819821 -0.43885137407152724 0.6972324995026686 0.3972821385198927 -0.8555382089514458 -0.286181956295671 -0.6983009603243521 2
HH0647-rgb_2017_2_4_21_0_1 4595 -0.4042938832676981 -0.6912927410006877 -0.46363068411647157 0.06444320036770632 -0.6433402015699402 1.5461803795921607 0.8389313296631913 1
HH0647-rgb_2017_2_4_21_0_1 4595 0.5538306542819821 -0.2945991643977212 -0.8600925576375047 -0.3951915237472177 -1.704330238477468 0.3801316203908132 2.0101559315584625 1
HH0647-rgb_2017_2_4_21_0_1 3775 -0.3538662760282413 -0.4749144264899787 -0.39802907914536534 0.11199162010373294 0.4176498353375875 -0.45276035046729207 0.7657297920447369 1
HH0647-rgb_2017_2_4_21_0_1 3775 nan nan nan nan nan nan nan 0
HH0647-rgb_2017_2_4_21_0_1 7275 -0.6564319194649824 -0.2945991643977212 0.5574725584772685 0.6350242372000258 -0.006746179425423586 0.5467100145624343 0.7657297920447369 1
HH0647-rgb_2017_2_4_21_0_1 5310 nan nan nan nan nan nan nan 0
HH0647-rgb_2017_2_4_21_0_1 240 0.3521202253241547 -0.2945991643977212 0.6915280121138768 0.44483055825591933 -0.43114219418843464 0.3801316203908132 0.5095244103801463 2
HH0647-rgb_2017_2_4_21_0_1 4740 -0.6564319194649824 0.2463466218790513 -1.0112614734404886 -0.20499784480311123 0.4176498353375875 -0.6193387446389131 0.9121328672816458 0
HH0647-rgb_2017_2_4_21_0_1 4740 -0.10172823983095698 2.878949448426011 -0.6804012048905617 0.9361642288615277 0.629847842719093 0.0469748320475711 -0.4420955786597615 0
HH0647-rgb_2017_2_4_21_0_1 6625 -1.1102803846200942 -0.6912927410006877 -0.4950053647548267 0.3021852990478394 0.20545182795608197 -0.7859171388105343 -0.515297116278216 0
HH0647-rgb_2017_2_4_21_0_1 6625 -0.10172823983095698 -0.5470405313268817 0.5432113400052888 0.571626344218657 -0.6433402015699402 -0.286181956295671 0.033714415860192366 2
HH0647-rgb_2017_2_4_21_0_1 8185 -0.20258345430987068 -0.43885137407152724 0.5717337769492481 0.6667231836907103 -0.8555382089514458 0.21355322621919218 0.033714415860192366 2
HH0647-rgb_2017_2_4_21_0_1 6180 -0.7068595267044392 -0.5470405313268817 -0.4664829278108675 0.25463687931181284 0.629847842719093 -0.7859171388105343 -0.40549480985053427 0
HH0647-rgb_2017_2_4_21_0_1 2480 -0.0008730253520432782 -0.2945991643977212 0.6259264071427706 0.01689478063167969 -0.8555382089514458 0.3801316203908132 0.033714415860192366 2
HH0647-rgb_2017_2_4_21_0_1 2480 0.1504097963663273 -0.00609474505010922 0.9653434067758853 0.9995621218428966 -0.006746179425423586 -1.4522307154970184 0.4729236415709191 2
HH0647-rgb_2017_2_4_21_0_1 5270 nan nan nan nan nan nan nan 0
HH0647-rgb_2017_2_4_21_0_1 1770 nan nan nan nan nan nan nan 0
HH0647-rgb_2017_2_4_21_0_1 7315 -0.5051490977466118 -0.33066221681617275 0.5603248021716644 0.6667231836907103 0.8420458501005986 0.3801316203908132 0.9121328672816458 1
HH0647-rgb_2017_2_4_21_0_1 6745 -0.6564319194649824 -0.5470405313268817 -0.4579261967276797 0.25463687931181284 -0.006746179425423586 0.3801316203908132 -0.29569250342285264 1
HH0647-rgb_2017_2_4_21_0_1 6745 -0.20258345430987068 -0.4027883216530757 0.537506852616497 0.6191747639546836 1.054243857482104 0.3801316203908132 0.10691595347864681 2
HH0647-rgb_2017_2_4_21_0_1 4620 -0.7068595267044392 -0.6912927410006877 -0.46363068411647157 0.11199162010373294 0.20545182795608197 -0.45276035046729207 -0.03948712175826208 1
HH0647-rgb_2017_2_4_21_0_1 4620 0.5538306542819821 -0.2945991643977212 -0.8600925576375047 -0.3951915237472177 -1.9165282458589736 1.2130235912489185 1.753950549893872 1
HH0647-rgb_2017_2_4_21_0_1 4620 nan nan nan nan nan nan nan 0
HH0647-rgb_2017_2_4_21_0_1 320 0.3521202253241547 -0.18641000714236672 0.6886757684194809 0.3972821385198927 -0.6433402015699402 0.21355322621919218 -0.4420955786597615 2
HH0647-rgb_2017_2_4_21_0_1 485 0.3521202253241547 -0.18641000714236672 0.6886757684194809 0.3972821385198927 -0.43114219418843464 0.3801316203908132 -0.5518978850874432 2
HH0647-rgb_2017_2_4_21_0_1 4185 -0.7068595267044392 -0.5470405313268817 -0.4579261967276797 0.15954003983975956 0.4176498353375875 -2.1185442921835027 -0.4786963474689887 0
HH0647-rgb_2017_2_4_21_0_1 8230 -0.5051490977466118 -0.36672526923462423 0.5603248021716644 0.6667231836907103 1.054243857482104 1.0464451970772974 0.8389313296631913 1
HH0647-rgb_2017_2_4_21_0_1 3365 0.251265010845241 0.5709140936451148 -0.740298322472876 -0.1574494250670846 0.8420458501005986 -0.9524955329821553 -2.674742476022622 2
HH0647-rgb_2017_2_4_21_0_1 3365 -0.8581423484228098 -0.6912927410006877 -0.46363068411647157 0.15954003983975956 -0.006746179425423586 -0.6193387446389131 -1.027707879607397 1
HH0647-rgb_2017_2_4_21_0_1 3365 -0.0008730253520432782 -0.00609474505010922 0.574586020643644 0.06444320036770632 -0.21894418680692912 0.3801316203908132 -0.18589019699517098 2
HH0647-rgb_2017_2_4_21_0_1 3365 1.965803656986774 1.2921751420141447 0.9910136000254486 1.0471105415789232 -1.2799342237144569 1.8793371679354027 0.32652056633401016 2
HH0647-rgb_2017_2_4_21_0_1 7665 -0.20258345430987068 -0.43885137407152724 0.5717337769492481 0.6667231836907103 -0.006746179425423586 0.3801316203908132 0.07031518466941959 2
HH0647-rgb_2017_2_4_21_0_1 5700 8.622247812595079 11.930775605457336 1.6242117001813432 0.15954003983975956 0.20545182795608197 1.5461803795921607 -2.4551378631672587 2
HH0647-rgb_2017_2_4_21_0_1 650 0.30169261808469783 -0.33066221681617275 0.7685385918625667 0.6667231836907103 0.20545182795608197 -0.286181956295671 -0.0760878905674893 2
HH0647-rgb_2017_2_4_21_0_1 4350 -0.7068595267044392 -0.6912927410006877 -0.4550739530332838 0.01689478063167969 -1.2799342237144569 1.5461803795921607 1.8271520875123264 1
HH0647-rgb_2017_2_4_21_0_1 2735 0.5034030470425253 -0.36672526923462423 0.6287786508371666 0.06444320036770632 -0.8555382089514458 -0.7859171388105343 -0.18589019699517098 2
HH0647-rgb_2017_2_4_21_0_1 2735 0.4529754398030684 0.10209441220524529 1.0309450117469914 0.9995621218428966 -0.006746179425423586 0.5467100145624343 1.607547474656963 2
HH0647-rgb_2017_2_4_21_0_1 7895 -0.3034386687887844 -0.43885137407152724 0.5631770458660603 0.6667231836907103 -0.006746179425423586 0.3801316203908132 0.21671825990632848 2
HH0647-rgb_2017_2_4_21_0_1 6235 -0.45472149050715494 -0.5470405313268817 -0.483596389977243 0.3021852990478394 -0.21894418680692912 0.3801316203908132 -0.8081032667520337 1
HH0647-rgb_2017_2_4_21_0_1 6590 -0.3538662760282413 -0.43885137407152724 -0.4550739530332838 0.25463687931181284 0.20545182795608197 0.7132884087340554 -0.25909173461362545 1
HH0647-rgb_2017_2_4_21_0_1 6590 -0.3034386687887844 -0.5109774789084303 0.5318023652277052 0.571626344218657 -0.006746179425423586 0.3801316203908132 0.7657297920447369 1
HH0647-rgb_2017_2_4_21_0_1 6585 -0.3538662760282413 -0.43885137407152724 -0.4550739530332838 0.25463687931181284 0.20545182795608197 0.7132884087340554 -0.6617001915151248 2
HH0647-rgb_2017_2_4_21_0_1 6585 -0.3034386687887844 -0.43885137407152724 0.5289501215333092 0.571626344218657 0.20545182795608197 0.21355322621919218 0.5827259479986008 1
HH0647-rgb_2017_2_4_21_0_1 4345 -0.7068595267044392 -0.6912927410006877 -0.4550739530332838 0.01689478063167969 -0.8555382089514458 1.0464451970772974 1.5709467058477358 1
HH0647-rgb_2017_2_4_21_0_1 645 0.40254783256361154 -0.33066221681617275 0.7685385918625667 0.7142716034267369 -0.006746179425423586 -0.286181956295671 -0.18589019699517098 2
HH0647-rgb_2017_2_4_21_0_1 6220 -0.3538662760282413 -0.5470405313268817 -0.47503965889405525 0.3021852990478394 -0.8555382089514458 0.8798668029056764 -0.29569250342285264 1
HH0647-rgb_2017_2_4_21_0_1 2720 0.30169261808469783 -0.5470405313268817 0.6344831382259584 0.01689478063167969 -0.8555382089514458 -0.45276035046729207 -0.8081032667520337 2
HH0647-rgb_2017_2_4_21_0_1 7880 -0.5051490977466118 -0.36672526923462423 0.5603248021716644 0.6667231836907103 0.629847842719093 0.8798668029056764 0.5827259479986008 1
HH0647-rgb_2017_2_4_21_0_1 7670 -0.3034386687887844 -0.5470405313268817 0.5688815332548521 0.6667231836907103 -0.006746179425423586 0.3801316203908132 -0.33229327223207983 2
HH0647-rgb_2017_2_4_21_0_1 8225 -0.5051490977466118 -0.5470405313268817 0.5688815332548521 0.6667231836907103 0.4176498353375875 0.5467100145624343 -0.7349017291335793 2
HH0647-rgb_2017_2_4_21_0_1 3370 0.09998218912687043 0.6069771460635663 -0.73744607877848 -0.1732988983124268 0.629847842719093 -1.1190739271537764 -2.272134019121123 2
HH0647-rgb_2017_2_4_21_0_1 3370 -1.0094251701411803 -0.6552296885822362 -0.47218741519965934 0.11199162010373294 0.20545182795608197 -0.45276035046729207 -1.0643086484166242 0
HH0647-rgb_2017_2_4_21_0_1 3370 0.20083740360578414 -0.04215779746856072 0.5859949954212277 0.06444320036770632 -0.006746179425423586 0.5467100145624343 0.10691595347864681 2
HH0647-rgb_2017_2_4_21_0_1 3370 0.3521202253241547 0.17422051704214828 1.0195360369694078 0.9995621218428966 -0.006746179425423586 -0.7859171388105343 0.9121328672816458 2
HH0647-rgb_2017_2_4_21_0_1 4190 -0.6060043122255255 -0.5470405313268817 -0.4579261967276797 0.15954003983975956 -0.006746179425423586 -1.7853875038402607 -0.14928942818594376 1
HH0647-rgb_2017_2_4_21_0_1 490 0.049554581887413574 -0.33066221681617275 0.6858235247250849 0.3972821385198927 -0.21894418680692912 0.21355322621919218 -0.6250994227058976 2
HH0647-rgb_2017_2_4_21_0_1 6750 -0.3538662760282413 -0.43885137407152724 -0.4550739530332838 0.25463687931181284 -0.006746179425423586 0.7132884087340554 -0.7349017291335793 2
HH0647-rgb_2017_2_4_21_0_1 6750 -0.15215584707041385 -0.43885137407152724 0.537506852616497 0.6350242372000258 0.8420458501005986 0.0469748320475711 0.7657297920447369 1
HH0647-rgb_2017_2_4_21_0_1 335 0.049554581887413574 -0.33066221681617275 0.6858235247250849 0.3972821385198927 -0.43114219418843464 -0.11960356212404996 -0.4786963474689887 2
HH0647-rgb_2017_2_4_21_0_1 4635 -0.7068595267044392 -0.6912927410006877 -0.46363068411647157 0.11199162010373294 -0.006746179425423586 -1.1190739271537764 -0.11268865937671653 1
HH0647-rgb_2017_2_4_21_0_1 4635 0.4529754398030684 -0.2945991643977212 -0.8600925576375047 -0.3476431040111911 -0.6433402015699402 -0.11960356212404996 2.04675670036769 1
HH0647-rgb_2017_2_4_21_0_1 4635 nan nan nan nan nan nan nan 0
HH0647-rgb_2017_2_4_21_0_1 5265 nan nan nan nan nan nan nan 0
HH0647-rgb_2017_2_4_21_0_1 2495 0.6042582615214389 -0.4027883216530757 0.6230741634483746 0.06444320036770632 -0.8555382089514458 -0.6193387446389131 -0.33229327223207983 2
HH0647-rgb_2017_2_4_21_0_1 6195 -0.3538662760282413 -0.5470405313268817 -0.47503965889405525 0.3021852990478394 -0.43114219418843464 0.8798668029056764 -0.6617001915151248 2
HH0647-rgb_2017_2_4_21_0_1 8190 -0.20258345430987068 -0.4027883216530757 0.5631770458660603 0.6667231836907103 -0.006746179425423586 0.5467100145624343 0.32652056633401016 2
HH0647-rgb_2017_2_4_21_0_1 4755 -0.5051490977466118 -0.6912927410006877 -0.46363068411647157 0.11199162010373294 -0.8555382089514458 0.5467100145624343 1.4245436306108268 1
HH0647-rgb_2017_2_4_21_0_1 4755 -0.8581423484228098 0.06603135978679378 -0.9884435238853212 -0.1574494250670846 0.8420458501005986 -1.2856523213253974 1.5343459370385086 0
HH0647-rgb_2017_2_4_21_0_1 4755 2.67179015833917 3.5641474443765895 -0.17555407098248346 0.5874758174639992 0.629847842719093 -0.286181956295671 1.8271520875123264 2
HH0647-rgb_2017_2_4_21_0_1 255 0.3521202253241547 -0.18641000714236672 0.6886757684194809 0.3972821385198927 -0.6433402015699402 0.0469748320475711 -0.03948712175826208 2
HH0647-rgb_2017_2_4_21_0_1 6630 -0.9589975629017234 -0.6912927410006877 -0.4950053647548267 0.3021852990478394 -0.6433402015699402 -0.11960356212404996 -0.7715024979428066 1
HH0647-rgb_2017_2_4_21_0_1 6630 -0.3034386687887844 -0.04215779746856072 0.5260978778389134 0.6191747639546836 -0.006746179425423586 -0.286181956295671 0.7291290232355097 1
HH0647-rgb_2017_2_4_21_0_1 3990 0.09998218912687043 -0.5470405313268817 -0.4579261967276797 0.11199162010373294 -0.006746179425423586 -1.1190739271537764 0.7291290232355097 1
HH0647-rgb_2017_2_4_21_0_1 7260 -0.3034386687887844 -0.43885137407152724 0.5546203147828725 0.6191747639546836 -0.43114219418843464 0.7132884087340554 0.7657297920447369 1
HH0647-rgb_2017_2_4_21_0_1 3760 2.8230729800575407 -0.2945991643977212 -0.4008813228397613 0.06444320036770632 -1.4921322310959624 0.3801316203908132 0.21671825990632848 2
HH0647-rgb_2017_2_4_21_0_1 3760 nan nan nan nan nan nan nan 0
HH0647-rgb_2017_2_4_21_0_1 5305 nan nan nan nan nan nan nan 0
HH0647-rgb_2017_2_4_21_0_1 4580 -0.807714741183353 -0.6552296885822362 -0.47218741519965934 0.06444320036770632 -0.43114219418843464 -0.11960356212404996 0.07031518466941959 1
HH0647-rgb_2017_2_4_21_0_1 4580 0.7051134760003527 -0.43885137407152724 -0.848683582859921 -0.44273994348324436 -2.55312226800349 1.8793371679354027 1.936954393940008 1
HH0647-rgb_2017_2_4_21_0_1 80 0.251265010845241 -0.33066221681617275 0.6858235247250849 0.34973371878386605 -0.6433402015699402 -0.6193387446389131 -0.0760878905674893 2
HH0647-rgb_2017_2_4_21_0_1 2640 0.5034030470425253 -0.2945991643977212 0.608812944976395 0.01689478063167969 -1.0677362163329513 -0.7859171388105343 -0.0760878905674893 2
HH0647-rgb_2017_2_4_21_0_1 2640 0.30169261808469783 0.5709140936451148 0.9881613563310526 1.1263579078056343 -2.128726253240479 -1.4522307154970184 0.5461251791893735 2
HH0647-rgb_2017_2_4_21_0_1 6340 -0.3538662760282413 -0.43885137407152724 -0.48074414628284706 0.3021852990478394 -0.43114219418843464 0.7132884087340554 -0.18589019699517098 1
HH0647-rgb_2017_2_4_21_0_1 725 -0.20258345430987068 -0.2945991643977212 0.7599818607793789 0.6667231836907103 -0.006746179425423586 -0.9524955329821553 0.43632287276169185 1
HH0647-rgb_2017_2_4_21_0_1 4225 -0.5051490977466118 -0.6912927410006877 -0.4294037597837205 -0.030653639104346937 -0.006746179425423586 0.7132884087340554 0.18011749109710126 1
HH0647-rgb_2017_2_4_21_0_1 5675 nan nan nan nan nan nan nan 0
HH0647-rgb_2017_2_4_21_0_1 3210 0.09998218912687043 0.2824096742975028 -0.7231848603065004 -0.1732988983124268 0.629847842719093 0.3801316203908132 -2.491738631976486 2
HH0647-rgb_2017_2_4_21_0_1 3210 -1.0094251701411803 -0.6552296885822362 -0.47218741519965934 0.15954003983975956 0.4176498353375875 -1.1190739271537764 -1.027707879607397 0
HH0647-rgb_2017_2_4_21_0_1 3210 0.30169261808469783 0.21028356946059978 0.5831427517268317 0.11199162010373294 -0.21894418680692912 0.5467100145624343 0.033714415860192366 2
HH0647-rgb_2017_2_4_21_0_1 3210 0.049554581887413574 0.6791032509004693 0.9796046252478648 0.95201370210687 -2.7653202753849957 -0.11960356212404996 1.2415397865646907 1
HH0647-rgb_2017_2_4_21_0_1 8345 -0.3034386687887844 -0.43885137407152724 0.5631770458660603 0.6667231836907103 -0.21894418680692912 0.7132884087340554 0.10691595347864681 2
HH0647-rgb_2017_2_4_21_0_1 7710 -0.20258345430987068 -0.4027883216530757 0.5631770458660603 0.6667231836907103 -0.43114219418843464 0.21355322621919218 -0.11268865937671653 2
HH0647-rgb_2017_2_4_21_0_1 7060 -0.7068595267044392 -0.5470405313268817 -0.4664829278108675 0.25463687931181284 0.8420458501005986 0.0469748320475711 0.07031518466941959 1
HH0647-rgb_2017_2_4_21_0_1 7060 -0.10172823983095698 -0.11428390230546372 0.5289501215333092 0.6191747639546836 0.20545182795608197 0.0469748320475711 0.3997221039524646 2
HH0647-rgb_2017_2_4_21_0_1 3560 0.3521202253241547 -0.18641000714236672 -0.81445665852717 -0.1574494250670846 1.054243857482104 0.5467100145624343 -0.18589019699517098 2
HH0647-rgb_2017_2_4_21_0_1 3560 -0.9085699556622666 -0.9797971603482998 -0.4208470287005327 0.11199162010373294 -0.43114219418843464 -0.11960356212404996 -0.6983009603243521 1
HH0647-rgb_2017_2_4_21_0_1 3560 -0.3538662760282413 -0.43885137407152724 0.6287786508371666 0.11199162010373294 -0.006746179425423586 0.21355322621919218 -0.29569250342285264 1
HH0647-rgb_2017_2_4_21_0_1 3560 0.4529754398030684 0.10209441220524529 1.0223882806638038 1.0471105415789232 0.4176498353375875 0.3801316203908132 0.7657297920447369 2
HH0647-rgb_2017_2_4_21_0_1 4555 -1.0598527773806372 -0.6552296885822362 -0.47218741519965934 0.11199162010373294 1.6908378796266206 -1.4522307154970184 -0.0028863529490348577 0
HH0647-rgb_2017_2_4_21_0_1 4555 0.3521202253241547 -0.25853611197926973 -0.9114329441366312 -0.3000946842751645 -0.8555382089514458 2.045915562107024 1.9003536251307809 1
HH0647-rgb_2017_2_4_21_0_1 55 0.049554581887413574 -0.33066221681617275 0.6858235247250849 0.3972821385198927 -0.43114219418843464 -0.286181956295671 -0.3688940410413071 2
HH0647-rgb_2017_2_4_21_0_1 6430 -0.3538662760282413 -0.5470405313268817 -0.47503965889405525 0.25463687931181284 0.20545182795608197 0.0469748320475711 -0.4420955786597615 1
HH0647-rgb_2017_2_4_21_0_1 8390 -0.3034386687887844 -0.43885137407152724 0.5631770458660603 0.6667231836907103 -0.21894418680692912 0.8798668029056764 0.43632287276169185 2
HH0647-rgb_2017_2_4_21_0_1 2865 0.40254783256361154 -0.22247305956081823 0.6145174323651869 0.06444320036770632 0.8420458501005986 0.3801316203908132 -0.6250994227058976 2
HH0647-rgb_2017_2_4_21_0_1 2865 0.8563962977187233 1.2561120895956932 0.9853091126366568 1.0946589613149498 -2.55312226800349 -0.9524955329821553 0.2899197975247829 2
HH0647-rgb_2017_2_4_21_0_1 900 -0.0008730253520432782 -0.18641000714236672 0.7571296170849829 0.6191747639546836 0.20545182795608197 -1.1190739271537764 0.3631213351432374 2
HH0647-rgb_2017_2_4_21_0_1 2695 -0.0008730253520432782 -0.5831035837453332 0.6259264071427706 0.01689478063167969 -0.8555382089514458 -0.286181956295671 -0.7349017291335793 2
HH0647-rgb_2017_2_4_21_0_1 7935 -0.5051490977466118 -0.36672526923462423 0.5603248021716644 0.6667231836907103 0.4176498353375875 1.0464451970772974 0.7291290232355097 1
HH0647-rgb_2017_2_4_21_0_1 6395 -0.3034386687887844 -0.5470405313268817 -0.4664829278108675 0.2070884595757862 -0.006746179425423586 -0.11960356212404996 -0.4786963474689887 1
HH0647-rgb_2017_2_4_21_0_1 1175 0.40254783256361154 -0.2945991643977212 0.7514251296961911 0.6191747639546836 -0.21894418680692912 0.0469748320475711 -0.40549480985053427 2
HH0647-rgb_2017_2_4_21_0_1 3010 -0.6060043122255255 -0.43885137407152724 -0.7802297341944189 -0.1732988983124268 -0.006746179425423586 0.21355322621919218 -1.5767194117458054 0
HH0647-rgb_2017_2_4_21_0_1 3010 -0.05130063259150013 -0.2945991643977212 0.6744145499475013 -1.4571062311851457 0.4176498353375875 -0.11960356212404996 0.14351672228787404 1
HH0647-rgb_2017_2_4_21_0_1 3010 0.30169261808469783 -0.5470405313268817 0.6430398693091461 0.11199162010373294 -0.8555382089514458 -0.11960356212404996 -0.7715024979428066 2
HH0647-rgb_2017_2_4_21_0_1 3010 0.5538306542819821 0.06603135978679378 1.0223882806638038 1.0471105415789232 0.8420458501005986 0.5467100145624343 1.0219351737093274 2
HH0647-rgb_2017_2_4_21_0_1 8145 -0.3034386687887844 -0.36672526923462423 0.5603248021716644 0.7142716034267369 0.4176498353375875 0.5467100145624343 0.6559274856170552 1
HH0647-rgb_2017_2_4_21_0_1 7510 -0.5051490977466118 -0.36672526923462423 0.5603248021716644 0.6667231836907103 0.4176498353375875 0.5467100145624343 0.8755320984724185 1
HH0647-rgb_2017_2_4_21_0_1 2440 -0.25301106154932756 -0.43885137407152724 0.6287786508371666 0.15954003983975956 0.20545182795608197 -0.6193387446389131 -0.3688940410413071 2
HH0647-rgb_2017_2_4_21_0_1 2440 -0.10172823983095698 -0.43885137407152724 0.9881613563310526 0.7618200231627635 2.1152338943896316 -0.286181956295671 1.9003536251307809 1
HH0647-rgb_2017_2_4_21_0_1 6140 -0.7068595267044392 -0.5470405313268817 -0.4579261967276797 0.2070884595757862 -0.006746179425423586 0.0469748320475711 -1.3205140300812148 1
HH0647-rgb_2017_2_4_21_0_1 525 0.3521202253241547 -0.18641000714236672 0.6886757684194809 0.3972821385198927 -0.43114219418843464 -0.45276035046729207 -0.6250994227058976 2
HH0647-rgb_2017_2_4_21_0_1 4025 -0.6060043122255255 -0.5831035837453332 -0.42655151608932457 0.15954003983975956 1.6908378796266206 -0.6193387446389131 -0.9179055731797154 0
HH0647-rgb_2017_2_4_21_0_1 4970 nan nan nan nan nan nan nan 0
HH0647-rgb_2017_2_4_21_0_1 6815 -0.6564319194649824 -0.5470405313268817 -0.4579261967276797 0.25463687931181284 -0.006746179425423586 0.21355322621919218 -0.9911071107981698 1
HH0647-rgb_2017_2_4_21_0_1 6815 -0.15215584707041385 -0.43885137407152724 0.537506852616497 0.6350242372000258 0.4176498353375875 0.3801316203908132 0.948733636090873 1
HH0647-rgb_2017_2_4_21_0_1 3945 -0.9085699556622666 -0.6912927410006877 -0.46363068411647157 0.2070884595757862 1.2664418648636095 -1.6188091096686394 -1.1009094172258516 0
HH0647-rgb_2017_2_4_21_0_1 4780 -0.7068595267044392 -0.6912927410006877 -0.46363068411647157 0.11199162010373294 -0.006746179425423586 -0.6193387446389131 1.2049390177554635 1
HH0647-rgb_2017_2_4_21_0_1 4780 -0.9085699556622666 0.3545357791344058 -1.0084092297460927 -0.07820205884037357 0.4176498353375875 -2.784857868869987 0.8389313296631913 0
HH0647-rgb_2017_2_4_21_0_1 4780 2.318796907662972 4.105093230653362 -0.02153291148510367 0.5240779244826304 -0.43114219418843464 0.8798668029056764 2.0833574691769168 2
HH0647-rgb_2017_2_4_21_0_1 1820 nan nan nan nan nan nan nan 0
HH0647-rgb_2017_2_4_21_0_1 280 0.3521202253241547 -0.33066221681617275 0.6858235247250849 0.3972821385198927 -0.6433402015699402 -0.7859171388105343 -1.027707879607397 2
HH0647-rgb_2017_2_4_21_0_1 7470 -0.3034386687887844 -0.43885137407152724 0.5631770458660603 0.6667231836907103 0.20545182795608197 0.8798668029056764 0.6193267168078279 1
HH0647-rgb_2017_2_4_21_0_1 8025 -0.5051490977466118 -0.36672526923462423 0.5517680710884766 0.6667231836907103 0.4176498353375875 1.0464451970772974 0.3631213351432374 1
HH0647-rgb_2017_2_4_21_0_1 3170 -0.7068595267044392 -0.43885137407152724 -0.7716730031112311 -0.1732988983124268 -0.43114219418843464 -0.45276035046729207 -1.4669171053181238 0
HH0647-rgb_2017_2_4_21_0_1 3170 -0.7068595267044392 -0.5470405313268817 -0.44936946564449193 0.15954003983975956 -0.006746179425423586 -0.7859171388105343 -1.027707879607397 1
HH0647-rgb_2017_2_4_21_0_1 3170 0.09998218912687043 -0.00609474505010922 0.574586020643644 0.06444320036770632 -0.21894418680692912 0.3801316203908132 -0.0760878905674893 2
HH0647-rgb_2017_2_4_21_0_1 3170 -0.05130063259150013 0.6791032509004693 0.9796046252478648 0.9995621218428966 -2.7653202753849957 -1.1190739271537764 0.5827259479986008 1
HH0647-rgb_2017_2_4_21_0_1 1015 0.40254783256361154 -0.18641000714236672 0.7571296170849829 0.6191747639546836 -0.43114219418843464 -0.45276035046729207 -0.4786963474689887 2
HH0647-rgb_2017_2_4_21_0_1 4145 -0.7572871339438961 -0.5470405313268817 -0.4579261967276797 0.15954003983975956 -0.006746179425423586 -1.9519658980118817 -0.11268865937671653 0
HH0647-rgb_2017_2_4_21_0_1 445 0.3521202253241547 -0.18641000714236672 0.6886757684194809 0.3972821385198927 -1.0677362163329513 0.3801316203908132 -0.4786963474689887 2
HH0647-rgb_2017_2_4_21_0_1 2520 0.30169261808469783 -0.4027883216530757 0.6230741634483746 0.06444320036770632 -0.8555382089514458 -0.6193387446389131 -0.33229327223207983 2
HH0647-rgb_2017_2_4_21_0_1 2520 -0.3034386687887844 0.8594185129927268 0.9710478941646772 1.2214547472776875 0.629847842719093 0.3801316203908132 -0.11268865937671653 0
HH0647-rgb_2017_2_4_21_0_1 6975 -0.6564319194649824 -0.5470405313268817 -0.4664829278108675 0.3021852990478394 -0.006746179425423586 -0.286181956295671 -0.8813048043704882 1
HH0647-rgb_2017_2_4_21_0_1 6975 -0.25301106154932756 -0.4749144264899787 0.5318023652277052 0.5874758174639992 -0.006746179425423586 0.5467100145624343 -0.0028863529490348577 2
HH0647-rgb_2017_2_4_21_0_1 6785 -0.6564319194649824 -0.5470405313268817 -0.4579261967276797 0.25463687931181284 -0.006746179425423586 0.21355322621919218 -0.7349017291335793 1
HH0647-rgb_2017_2_4_21_0_1 6785 -0.15215584707041385 -0.43885137407152724 0.537506852616497 0.6350242372000258 0.629847842719093 0.3801316203908132 0.7291290232355097 2
HH0647-rgb_2017_2_4_21_0_1 3825 -0.5051490977466118 -0.5470405313268817 -0.44081273456130415 0.01689478063167969 -0.006746179425423586 1.5461803795921607 0.2899197975247829 1
HH0647-rgb_2017_2_4_21_0_1 5065 nan nan nan nan nan nan nan 0
HH0647-rgb_2017_2_4_21_0_1 3400 -0.15215584707041385 0.3905988315528573 -0.7431505661672719 -0.10990100533105798 0.20545182795608197 -1.4522307154970184 -2.7113432448318493 2
HH0647-rgb_2017_2_4_21_0_1 3400 -1.1102803846200942 -0.8355449506744937 -0.47503965889405525 0.06444320036770632 0.4176498353375875 -0.45276035046729207 -1.2107117236535332 0
HH0647-rgb_2017_2_4_21_0_1 3400 0.4529754398030684 0.10209441220524529 0.5888472391156236 0.06444320036770632 -0.006746179425423586 0.3801316203908132 -0.11268865937671653 2
HH0647-rgb_2017_2_4_21_0_1 3400 0.3521202253241547 0.8233554605742753 0.9824568689422608 1.0946589613149498 -1.4921322310959624 -1.6188091096686394 0.6925282544262824 2
HH0647-rgb_2017_2_4_21_0_1 7100 -0.3538662760282413 -0.5470405313268817 -0.47503965889405525 0.3021852990478394 -0.43114219418843464 0.7132884087340554 -0.8813048043704882 2
HH0647-rgb_2017_2_4_21_0_1 7100 -0.3034386687887844 -0.36672526923462423 0.534654608922101 0.6191747639546836 -0.006746179425423586 -0.11960356212404996 0.2533190287155557 1
HH0647-rgb_2017_2_4_21_0_1 6550 -0.6564319194649824 -0.5470405313268817 -0.44936946564449193 0.25463687931181284 0.20545182795608197 -0.11960356212404996 -0.7715024979428066 1
HH0647-rgb_2017_2_4_21_0_1 6550 -0.20258345430987068 -0.43885137407152724 0.537506852616497 0.6191747639546836 0.629847842719093 -0.11960356212404996 0.5461251791893735 1
HH0647-rgb_2017_2_4_21_0_1 135 0.049554581887413574 -0.33066221681617275 0.6858235247250849 0.3972821385198927 -0.21894418680692912 0.3801316203908132 -0.18589019699517098 2
HH0647-rgb_2017_2_4_21_0_1 860 -0.0008730253520432782 -0.2945991643977212 0.7599818607793789 0.6191747639546836 -0.006746179425423586 -0.11960356212404996 -0.0028863529490348577 2
HH0647-rgb_2017_2_4_21_0_1 2905 0.20083740360578414 -0.07822084988701222 0.6002562138932073 0.11199162010373294 -0.21894418680692912 0.3801316203908132 -0.14928942818594376 2
HH0647-rgb_2017_2_4_21_0_1 2905 -0.10172823983095698 0.7151663033189208 0.976752381553469 1.1263579078056343 -0.6433402015699402 -1.1190739271537764 0.14351672228787404 0
HH0647-rgb_2017_2_4_21_0_1 7855 -0.4042938832676981 -0.33066221681617275 0.5603248021716644 0.6667231836907103 0.20545182795608197 0.8798668029056764 0.10691595347864681 2
HH0647-rgb_2017_2_4_21_0_1 4390 -0.6564319194649824 -0.6912927410006877 -0.46363068411647157 0.15954003983975956 -0.8555382089514458 -0.7859171388105343 0.948733636090873 1
HH0647-rgb_2017_2_4_21_0_1 690 -0.4042938832676981 -0.2945991643977212 0.7599818607793789 0.6191747639546836 0.629847842719093 -0.9524955329821553 0.07031518466941959 1
HH0647-rgb_2017_2_4_21_0_1 5930 4.0837631610439615 5.583678379809873 0.04121644979160661 0.44483055825591933 -1.2799342237144569 -1.6188091096686394 1.5709467058477358 2
HH0647-rgb_2017_2_4_21_0_1 7840 -0.5051490977466118 -0.6912927410006877 0.5717337769492481 0.6667231836907103 -0.006746179425423586 0.3801316203908132 -0.29569250342285264 2
HH0647-rgb_2017_2_4_21_0_1 685 0.09998218912687043 -0.2945991643977212 0.7599818607793789 0.6667231836907103 -0.21894418680692912 -0.11960356212404996 0.3997221039524646 2
HH0647-rgb_2017_2_4_21_0_1 5925 2.923928194536454 5.944308903994389 0.20379434037217414 0.6191747639546836 -0.21894418680692912 -1.9519658980118817 -1.6133201805550326 2
HH0647-rgb_2017_2_4_21_0_1 4385 -0.6060043122255255 -0.6912927410006877 -0.4550739530332838 0.15954003983975956 0.20545182795608197 -1.9519658980118817 0.6925282544262824 1
HH0647-rgb_2017_2_4_21_0_1 4385 1.4110999773527486 4.646039016930135 0.9995703311086364 -0.9182241408435106 -0.006746179425423586 -1.2856523213253974 -0.9179055731797154 0
HH0647-rgb_2017_2_4_21_0_1 875 -0.0008730253520432782 -0.18641000714236672 0.7571296170849829 0.6191747639546836 -0.21894418680692912 -0.9524955329821553 0.2533190287155557 2
HH0647-rgb_2017_2_4_21_0_1 2910 -0.3034386687887844 0.21028356946059978 0.5916994828100195 0.15954003983975956 -0.43114219418843464 0.5467100145624343 0.8755320984724185 1
HH0647-rgb_2017_2_4_21_0_1 2910 -0.15215584707041385 0.3905988315528573 0.9624911630814894 1.0946589613149498 -1.0677362163329513 -1.7853875038402607 0.5461251791893735 1
HH0647-rgb_2017_2_4_21_0_1 6545 -0.9589975629017234 -0.6912927410006877 -0.4550739530332838 0.25463687931181284 -0.006746179425423586 -0.7859171388105343 -0.515297116278216 0
HH0647-rgb_2017_2_4_21_0_1 6545 -0.10172823983095698 -0.5470405313268817 0.5432113400052888 0.571626344218657 -0.21894418680692912 -0.7859171388105343 0.5827259479986008 1
HH0647-rgb_2017_2_4_21_0_1 4420 -0.6060043122255255 -0.6912927410006877 -0.46363068411647157 0.15954003983975956 -0.006746179425423586 -1.2856523213253974 0.21671825990632848 1
HH0647-rgb_2017_2_4_21_0_1 4420 nan nan nan nan nan nan nan 0
HH0647-rgb_2017_2_4_21_0_1 120 0.5538306542819821 -0.18641000714236672 0.6886757684194809 0.34973371878386605 -1.0677362163329513 -0.7859171388105343 -0.515297116278216 2
HH0647-rgb_2017_2_4_21_0_1 5070 nan nan nan nan nan nan nan 0
HH0647-rgb_2017_2_4_21_0_1 7115 -0.3538662760282413 -0.5470405313268817 -0.47503965889405525 0.3021852990478394 -0.8555382089514458 0.5467100145624343 -0.7349017291335793 2
HH0647-rgb_2017_2_4_21_0_1 7115 -0.10172823983095698 -0.18641000714236672 0.5318023652277052 0.571626344218657 0.20545182795608197 0.21355322621919218 0.8389313296631913 1
HH0647-rgb_2017_2_4_21_0_1 3415 0.3521202253241547 0.1381574646236968 -0.8030476837495862 -0.20499784480311123 0.20545182795608197 1.3796019854205397 -1.1375101860350787 2
HH0647-rgb_2017_2_4_21_0_1 3415 -0.3034386687887844 -0.5470405313268817 -0.44936946564449193 -0.030653639104346937 0.20545182795608197 0.21355322621919218 0.5461251791893735 1
HH0647-rgb_2017_2_4_21_0_1 3415 0.6042582615214389 0.06603135978679378 0.5974039701988114 0.06444320036770632 0.20545182795608197 0.0469748320475711 -0.6617001915151248 2
HH0647-rgb_2017_2_4_21_0_1 3415 1.0076791194370938 0.1381574646236968 1.01097930588622 0.95201370210687 -0.43114219418843464 1.0464451970772974 -0.515297116278216 2
HH0647-rgb_2017_2_4_21_0_1 6790 -0.6564319194649824 -0.5470405313268817 -0.4579261967276797 0.25463687931181284 -0.006746179425423586 0.21355322621919218 -0.515297116278216 1
HH0647-rgb_2017_2_4_21_0_1 6790 -0.20258345430987068 -0.4027883216530757 0.537506852616497 0.6191747639546836 0.4176498353375875 0.3801316203908132 0.6925282544262824 1
HH0647-rgb_2017_2_4_21_0_1 3830 -0.6060043122255255 -0.5470405313268817 -0.44081273456130415 0.01689478063167969 -0.006746179425423586 0.8798668029056764 -0.11268865937671653 1
HH0647-rgb_2017_2_4_21_0_1 6960 -0.7068595267044392 -0.5470405313268817 -0.4664829278108675 0.3021852990478394 0.20545182795608197 -0.286181956295671 -0.6617001915151248 1
HH0647-rgb_2017_2_4_21_0_1 6960 0.049554581887413574 -0.22247305956081823 0.5318023652277052 0.6350242372000258 0.4176498353375875 -0.45276035046729207 0.5095244103801463 2
HH0647-rgb_2017_2_4_21_0_1 450 0.3521202253241547 -0.18641000714236672 0.6886757684194809 0.3972821385198927 -1.0677362163329513 0.5467100145624343 -0.8081032667520337 2
HH0647-rgb_2017_2_4_21_0_1 4150 -0.6060043122255255 -0.5470405313268817 -0.4579261967276797 0.15954003983975956 -0.21894418680692912 -1.1190739271537764 0.21671825990632848 1
HH0647-rgb_2017_2_4_21_0_1 2535 0.7051134760003527 -0.11428390230546372 0.6031084575876032 -0.030653639104346937 -0.6433402015699402 -0.45276035046729207 0.948733636090873 2
HH0647-rgb_2017_2_4_21_0_1 8030 -0.5051490977466118 0.02996830736834228 0.5489158273940807 0.7142716034267369 -0.43114219418843464 0.21355322621919218 1.7173497810846448 1
HH0647-rgb_2017_2_4_21_0_1 3165 -0.7068595267044392 -0.43885137407152724 -0.7716730031112311 -0.1732988983124268 -0.6433402015699402 -0.6193387446389131 -1.1375101860350787 0
HH0647-rgb_2017_2_4_21_0_1 3165 -0.3538662760282413 -0.5470405313268817 -0.44936946564449193 0.15954003983975956 -0.43114219418843464 0.7132884087340554 -0.6617001915151248 1
HH0647-rgb_2017_2_4_21_0_1 3165 0.20083740360578414 -0.04215779746856072 0.5859949954212277 0.06444320036770632 -0.006746179425423586 0.3801316203908132 0.18011749109710126 2
HH0647-rgb_2017_2_4_21_0_1 3165 0.251265010845241 0.8594185129927268 0.9796046252478648 1.0946589613149498 -2.3409242606219847 -1.2856523213253974 0.43632287276169185 2
HH0647-rgb_2017_2_4_21_0_1 7465 -0.20258345430987068 -0.4749144264899787 0.5660292895604563 0.6667231836907103 -0.006746179425423586 0.7132884087340554 0.6193267168078279 2
HH0647-rgb_2017_2_4_21_0_1 1000 -0.0008730253520432782 -0.18641000714236672 0.7571296170849829 0.6191747639546836 -0.21894418680692912 -0.9524955329821553 0.2899197975247829 2
HH0647-rgb_2017_2_4_21_0_1 3950 -0.7068595267044392 -0.6912927410006877 -0.46363068411647157 0.2070884595757862 -0.43114219418843464 -1.1190739271537764 -0.9545063419889426 1
HH0647-rgb_2017_2_4_21_0_1 295 0.3521202253241547 -0.33066221681617275 0.6858235247250849 0.3972821385198927 -0.6433402015699402 -0.9524955329821553 -0.9179055731797154 2
HH0647-rgb_2017_2_4_21_0_1 4795 -0.4042938832676981 -0.6552296885822362 -0.47218741519965934 0.11199162010373294 -1.4921322310959624 0.8798668029056764 0.32652056633401016 1
HH0647-rgb_2017_2_4_21_0_1 4795 -0.8581423484228098 0.6069771460635663 -1.0141137171348844 -0.06235258559503135 0.629847842719093 -3.2845930513848507 1.4245436306108268 0
HH0647-rgb_2017_2_4_21_0_1 1835 nan nan nan nan nan nan nan 0
HH0647-rgb_2017_2_4_21_0_1 4965 nan nan nan nan nan nan nan 0
HH0647-rgb_2017_2_4_21_0_1 6800 -0.3538662760282413 -0.5470405313268817 -0.4579261967276797 0.25463687931181284 0.20545182795608197 0.3801316203908132 -0.5518978850874432 1
HH0647-rgb_2017_2_4_21_0_1 6800 -0.25301106154932756 -0.4749144264899787 0.540359096310893 0.6350242372000258 0.629847842719093 0.21355322621919218 0.802330560853964 1
HH0647-rgb_2017_2_4_21_0_1 6155 -1.0094251701411803 -0.6912927410006877 -0.46363068411647157 0.2070884595757862 -0.006746179425423586 0.21355322621919218 -0.7715024979428066 0
HH0647-rgb_2017_2_4_21_0_1 2455 -0.3034386687887844 -0.2945991643977212 0.6259264071427706 0.01689478063167969 -0.21894418680692912 0.21355322621919218 -0.33229327223207983 1
HH0647-rgb_2017_2_4_21_0_1 2455 -0.20258345430987068 0.4987879888082118 0.973900137859073 0.9044652823708433 -0.8555382089514458 -0.45276035046729207 0.7657297920447369 1
HH0647-rgb_2017_2_4_21_0_1 4030 -0.7068595267044392 -0.5831035837453332 -0.42655151608932457 0.15954003983975956 2.1152338943896316 -1.2856523213253974 -1.0643086484166242 0
HH0647-rgb_2017_2_4_21_0_1 530 0.5538306542819821 -0.18641000714236672 0.6886757684194809 0.3972821385198927 -1.0677362163329513 -0.9524955329821553 -0.515297116278216 2
HH0647-rgb_2017_2_4_21_0_1 1160 0.40254783256361154 -0.2945991643977212 0.7514251296961911 0.571626344218657 -0.43114219418843464 -0.45276035046729207 -0.5518978850874432 2
HH0647-rgb_2017_2_4_21_0_1 7505 -0.3034386687887844 -0.43885137407152724 0.5631770458660603 0.6667231836907103 -0.006746179425423586 0.7132884087340554 0.6193267168078279 1
HH0647-rgb_2017_2_4_21_0_1 3005 -0.3538662760282413 -0.43885137407152724 -0.7802297341944189 -0.1574494250670846 0.629847842719093 1.3796019854205397 -1.174110954844306 2
HH0647-rgb_2017_2_4_21_0_1 3005 -0.10172823983095698 -0.18641000714236672 0.7400161549186075 -1.3778588649584347 -0.6433402015699402 -0.11960356212404996 -0.4786963474689887 1
HH0647-rgb_2017_2_4_21_0_1 3005 0.30169261808469783 -0.6552296885822362 0.6373353819203543 0.06444320036770632 -0.8555382089514458 -0.6193387446389131 -0.7715024979428066 2
HH0647-rgb_2017_2_4_21_0_1 3005 0.5538306542819821 0.06603135978679378 1.0223882806638038 1.0471105415789232 1.054243857482104 0.8798668029056764 1.131737480137009 2
HH0647-rgb_2017_2_4_21_0_1 8150 -0.4042938832676981 -0.43885137407152724 0.5631770458660603 0.7142716034267369 1.054243857482104 0.5467100145624343 0.43632287276169185 2
HH0647-rgb_2017_2_4_21_0_1 6380 -0.3034386687887844 -0.5470405313268817 -0.4664829278108675 0.2070884595757862 -0.006746179425423586 0.0469748320475711 -0.5884986538966704 1
HH0647-rgb_2017_2_4_21_0_1 2680 0.6042582615214389 -0.4027883216530757 0.6230741634483746 -0.030653639104346937 -0.21894418680692912 -0.45276035046729207 -0.6250994227058976 2
HH0647-rgb_2017_2_4_21_0_1 2680 0.5538306542819821 0.7512293557373723 0.9853091126366568 1.0471105415789232 -1.2799342237144569 -1.2856523213253974 0.2533190287155557 2
HH0647-rgb_2017_2_4_21_0_1 7920 -0.20258345430987068 -0.4749144264899787 0.574586020643644 0.6667231836907103 -0.43114219418843464 -0.286181956295671 -0.6617001915151248 2
HH0647-rgb_2017_2_4_21_0_1 2870 0.40254783256361154 -0.25853611197926973 0.6173696760595828 0.06444320036770632 -0.006746179425423586 0.21355322621919218 -0.7349017291335793 2
HH0647-rgb_2017_2_4_21_0_1 8385 -0.3034386687887844 -0.43885137407152724 0.5631770458660603 0.6667231836907103 -0.006746179425423586 1.0464451970772974 0.3631213351432374 2
HH0647-rgb_2017_2_4_21_0_1 915 0.40254783256361154 -0.18641000714236672 0.7571296170849829 0.6191747639546836 -0.8555382089514458 0.0469748320475711 -0.3688940410413071 2
HH0647-rgb_2017_2_4_21_0_1 40 0.049554581887413574 -0.33066221681617275 0.6858235247250849 0.3972821385198927 -0.21894418680692912 0.0469748320475711 -0.25909173461362545 2
HH0647-rgb_2017_2_4_21_0_1 4540 -0.7068595267044392 -0.5470405313268817 -0.4579261967276797 0.15954003983975956 -0.006746179425423586 -1.1190739271537764 -0.18589019699517098 1
HH0647-rgb_2017_2_4_21_0_1 4540 -1.2111355990990078 0.4266618839713088 -1.0169659608292805 -0.07820205884037357 1.054243857482104 -2.1185442921835027 1.131737480137009 0
HH0647-rgb_2017_2_4_21_0_1 6425 -0.7572871339438961 -0.5470405313268817 -0.47503965889405525 0.3021852990478394 -0.006746179425423586 -0.7859171388105343 -1.0643086484166242 0
HH0647-rgb_2017_2_4_21_0_1 3575 -0.0008730253520432782 -0.2945991643977212 -0.8429790954711291 -0.22084731804845345 0.4176498353375875 1.0464451970772974 -0.6983009603243521 2
HH0647-rgb_2017_2_4_21_0_1 3575 -1.0094251701411803 -0.8355449506744937 -0.47503965889405525 0.06444320036770632 -0.21894418680692912 0.21355322621919218 -0.7715024979428066 1
HH0647-rgb_2017_2_4_21_0_1 3575 -0.3538662760282413 -0.43885137407152724 0.6287786508371666 0.11199162010373294 -0.006746179425423586 0.3801316203908132 -0.2224909658043982 1
HH0647-rgb_2017_2_4_21_0_1 3575 0.3521202253241547 -0.18641000714236672 1.0223882806638038 1.0471105415789232 -0.43114219418843464 0.3801316203908132 -0.5884986538966704 2
HH0647-rgb_2017_2_4_21_0_1 7075 -0.3538662760282413 -0.5470405313268817 -0.4664829278108675 0.25463687931181284 -0.006746179425423586 0.3801316203908132 -0.5884986538966704 1
HH0647-rgb_2017_2_4_21_0_1 7075 -0.3034386687887844 -0.43885137407152724 0.537506852616497 0.571626344218657 -0.006746179425423586 0.3801316203908132 0.2533190287155557 1
HH0681-rgb_2017_3_18_22_0_0 2100 0.7051134760003527 0.21028356946059978 0.7999132725009218 0.11199162010373294 -1.4921322310959624 0.3801316203908132 -0.18589019699517098 2
HH0681-rgb_2017_3_18_22_0_0 65 nan nan nan nan nan nan nan 0
HH0681-rgb_2017_3_18_22_0_0 65 nan nan nan nan nan nan nan 0
HH0681-rgb_2017_3_18_22_0_0 65 1.6632380135500329 -0.00609474505010922 0.902594045499175 0.0327442538770219 3.6006199460601707 1.7127587737637817 0.2533190287155557 2
HH0681-rgb_2017_3_18_22_0_0 1435 -2.118832529409231 0.5709140936451148 -0.7231848603065004 0.25463687931181284 -0.8555382089514458 -2.6182794746983657 -0.25909173461362545 0
HH0681-rgb_2017_3_18_22_0_0 1390 -1.1102803846200942 1.7249317710355627 -0.08713451645620987 1.7761863108646647 -1.0677362163329513 0.0469748320475711 -0.14928942818594376 0
HH0681-rgb_2017_3_18_22_0_0 930 3.327349052452109 1.7970578758724658 -0.07002105428983434 -1.4254072846944612 -0.43114219418843464 0.21355322621919218 2.5591674636968706 2
HH0681-rgb_2017_3_18_22_0_0 515 -0.7068595267044392 -0.6912927410006877 -2.7169032026892497 -1.2352136057503549 -0.8555382089514458 1.5461803795921607 -1.4303163365088964 0
HH0681-rgb_2017_3_18_22_0_0 515 1.7136656207894898 0.3545357791344058 0.905446289193571 0.01689478063167969 3.388421938678665 0.7132884087340554 -0.03948712175826208 2
HH0681-rgb_2017_3_18_22_0_0 1810 2.4196521221418856 1.0757968275034357 0.9881613563310526 -4.5319040407815345 0.20545182795608197 -1.1190739271537764 2.3395628508415074 1
HH0681-rgb_2017_3_18_22_0_0 1810 -2.118832529409231 -0.5470405313268817 -3.0677291770999484 -1.0925683465422749 -1.9165282458589736 0.0469748320475711 0.6925282544262824 0
HH0681-rgb_2017_3_18_22_0_0 475 -0.7572871339438961 -0.5470405313268817 -2.77965256396596 -1.0925683465422749 -0.43114219418843464 2.212493956278645 1.3513420929923725 1
HH0681-rgb_2017_3_18_22_0_0 475 1.7136656207894898 -0.07822084988701222 0.8911850707215914 0.11199162010373294 3.6006199460601707 1.2130235912489185 0.6559274856170552 2
HH0681-rgb_2017_3_18_22_0_0 1025 2.4196521221418856 4.177219335490265 -0.08998676015060579 -1.2352136057503549 -0.6433402015699402 0.0469748320475711 1.790551318703099 2
HH0681-rgb_2017_3_18_22_0_0 1970 2.2683693004235153 0.9315446178296298 0.9082985328879668 -0.3951915237472177 -0.006746179425423586 -0.7859171388105343 0.7657297920447369 2
HH0681-rgb_2017_3_18_22_0_0 1970 -0.6564319194649824 -0.8355449506744937 -2.5115416566927435 -1.0450199268062483 0.4176498353375875 -0.286181956295671 -2.125730943884214 0
HH0681-rgb_2017_3_18_22_0_0 1780 4.1341907682834185 2.446192819404593 1.1678527090779958 -4.627000880253587 0.4176498353375875 -0.11960356212404996 0.18011749109710126 2
HH0681-rgb_2017_3_18_22_0_0 1780 -2.0179773149303175 -0.43885137407152724 -3.0677291770999484 -1.0925683465422749 -1.704330238477468 -0.45276035046729207 1.3147413241831452 0
HH0681-rgb_2017_3_18_22_0_0 105 nan nan nan nan nan nan nan 0
HH0681-rgb_2017_3_18_22_0_0 105 -1.5137012425357488 -0.11428390230546372 -0.1955197768432549 -1.7582462228466476 0.20545182795608197 -0.6193387446389131 -0.844704035561261 0
HH0681-rgb_2017_3_18_22_0_0 105 0.8059686904792663 0.3545357791344058 0.905446289193571 0.06444320036770632 1.903035887008126 0.0469748320475711 -0.18589019699517098 2
HH0681-rgb_2017_3_18_22_0_0 2060 0.40254783256361154 0.06603135978679378 0.7970610288065259 0.11199162010373294 -0.43114219418843464 0.3801316203908132 0.3631213351432374 2
HH0681-rgb_2017_3_18_22_0_0 1555 0.251265010845241 0.7512293557373723 -0.2839393313695285 -0.014804165859004728 0.20545182795608197 -1.1190739271537764 1.8271520875123264 1
HH0681-rgb_2017_3_18_22_0_0 850 -0.807714741183353 -0.22247305956081823 -2.7197554463836457 -1.1876651860143281 -1.704330238477468 -1.6188091096686394 -1.027707879607397 0
HH0681-rgb_2017_3_18_22_0_0 850 1.0076791194370938 0.17422051704214828 -0.2069287516208386 -0.44273994348324436 -2.7653202753849957 1.2130235912489185 1.2049390177554635 2
HH0681-rgb_2017_3_18_22_0_0 845 -0.807714741183353 -0.00609474505010922 -2.711198715300458 -1.1876651860143281 -2.128726253240479 -0.9524955329821553 0.8389313296631913 0
HH0681-rgb_2017_3_18_22_0_0 845 0.5538306542819821 0.1381574646236968 -0.375211129590198 -0.5378367829552976 -3.401914297529512 2.045915562107024 0.6559274856170552 2
HH0681-rgb_2017_3_18_22_0_0 1540 -0.3538662760282413 1.6167426137802083 -0.29534830614711216 -0.014804165859004728 -1.704330238477468 -1.6188091096686394 -2.198932481502668 0
HH0681-rgb_2017_3_18_22_0_0 110 nan nan nan nan nan nan nan 0
HH0681-rgb_2017_3_18_22_0_0 110 0.049554581887413574 -0.4027883216530757 -0.18696304576006714 -2.0593862145081494 0.4176498353375875 0.3801316203908132 -0.33229327223207983 1
HH0681-rgb_2017_3_18_22_0_0 110 0.7051134760003527 0.3545357791344058 0.905446289193571 0.11199162010373294 1.054243857482104 -0.11960356212404996 -0.5884986538966704 2
HH0681-rgb_2017_3_18_22_0_0 2075 0.30169261808469783 0.21028356946059978 0.7999132725009218 0.15954003983975956 0.4176498353375875 -2.4517010805267447 -0.18589019699517098 2
HH0681-rgb_2017_3_18_22_0_0 1795 3.781197517607221 0.8594185129927268 1.0395017428301792 -4.706248246480299 0.4176498353375875 -0.7859171388105343 1.9735551627492351 2
HH0681-rgb_2017_3_18_22_0_0 1795 -1.2615632063384645 -0.11428390230546372 -3.0449112275447807 -1.1876651860143281 -0.006746179425423586 0.21355322621919218 0.7291290232355097 0
HH0681-rgb_2017_3_18_22_0_0 1965 0.5034030470425253 1.6528056661986599 0.9653434067758853 -0.5853852026913242 1.6908378796266206 -1.4522307154970184 -0.6250994227058976 2
HH0681-rgb_2017_3_18_22_0_0 1965 -0.7572871339438961 -1.0879863176036542 -2.428826589555262 -0.9974715070702217 -0.21894418680692912 0.5467100145624343 -0.33229327223207983 1
HH0681-rgb_2017_3_18_22_0_0 1030 2.318796907662972 4.213282387908716 -0.08998676015060579 -1.2352136057503549 -1.2799342237144569 0.21355322621919218 1.9003536251307809 2
HH0681-rgb_2017_3_18_22_0_0 460 -0.8581423484228098 -0.5831035837453332 -2.77965256396596 -1.0925683465422749 -0.43114219418843464 2.212493956278645 1.2415397865646907 0
HH0681-rgb_2017_3_18_22_0_0 460 1.5119551918316623 0.17422051704214828 0.902594045499175 -0.030653639104346937 2.9640259239156537 1.0464451970772974 0.033714415860192366 2
HH0681-rgb_2017_3_18_22_0_0 1805 2.1675140859446014 1.220049037177242 1.0337972554413875 -4.658699826744272 -0.006746179425423586 -0.6193387446389131 2.1565590067953715 1
HH0681-rgb_2017_3_18_22_0_0 1805 -2.118832529409231 -0.5470405313268817 -3.0677291770999484 -1.0925683465422749 -1.4921322310959624 -0.286181956295671 0.5461251791893735 0
HH0681-rgb_2017_3_18_22_0_0 500 -0.7068595267044392 -0.6912927410006877 -2.7254599337724374 -1.1876651860143281 -1.2799342237144569 1.8793371679354027 -1.7963240246011687 1
HH0681-rgb_2017_3_18_22_0_0 500 1.7136656207894898 0.17422051704214828 0.902594045499175 0.01689478063167969 3.1762239312971596 0.7132884087340554 -0.18589019699517098 2
HH0681-rgb_2017_3_18_22_0_0 925 2.1675140859446014 2.0494992428016263 -2.243430749419527 -3.913774584213188 -0.8555382089514458 0.0469748320475711 -2.0525294062657595 2
HH0681-rgb_2017_3_18_22_0_0 925 2.722217765578627 0.9315446178296298 -0.10139573492818948 -1.2827620254863814 0.4176498353375875 0.3801316203908132 0.9121328672816458 2
HH0681-rgb_2017_3_18_22_0_0 1385 -1.2615632063384645 1.4003642992694993 -0.07857778537302211 1.7603368376193227 -0.006746179425423586 0.0469748320475711 0.033714415860192366 0
HH0681-rgb_2017_3_18_22_0_0 1420 -0.6564319194649824 0.6430401984820178 -0.34098420525744694 -0.8072778281261151 0.629847842719093 -1.1190739271537764 0.9121328672816458 0
HH0681-rgb_2017_3_18_22_0_0 2115 0.7555410832398095 0.21028356946059978 0.7999132725009218 0.11199162010373294 -1.0677362163329513 0.5467100145624343 -0.0760878905674893 2
HH0681-rgb_2017_3_18_22_0_0 70 nan nan nan nan nan nan nan 0
HH0681-rgb_2017_3_18_22_0_0 70 -0.3538662760282413 0.7151663033189208 -0.23830343225919373 -3.596785119306344 -0.6433402015699402 -2.1185442921835027 2.04675670036769 0
HH0681-rgb_2017_3_18_22_0_0 70 1.259817155634378 0.06603135978679378 0.8968895581103832 0.11199162010373294 -0.006746179425423586 2.045915562107024 0.8389313296631913 2
HH0681-rgb_2017_3_18_22_0_0 700 -0.807714741183353 -0.2945991643977212 -3.0991038577383034 -1.2827620254863814 0.20545182795608197 -0.11960356212404996 1.753950549893872 0
HH0681-rgb_2017_3_18_22_0_0 700 0.9068239049581801 0.9315446178296298 0.8113222472785055 0.06444320036770632 -1.9165282458589736 1.5461803795921607 1.0219351737093274 2
HH0681-rgb_2017_3_18_22_0_0 1350 -1.3624184208173784 1.6167426137802083 -0.13562265926094055 1.792035784110007 -0.6433402015699402 -1.2856523213253974 0.6559274856170552 0
HH0681-rgb_2017_3_18_22_0_0 2315 0.7051134760003527 0.21028356946059978 0.7999132725009218 0.2070884595757862 -0.43114219418843464 0.5467100145624343 0.5095244103801463 2
HH0681-rgb_2017_3_18_22_0_0 270 -0.7068595267044392 -0.25853611197926973 -2.7283121774668335 -1.1876651860143281 -0.21894418680692912 -1.4522307154970184 -1.174110954844306 0
HH0681-rgb_2017_3_18_22_0_0 270 1.310244762873835 0.3545357791344058 0.905446289193571 0.01689478063167969 1.903035887008126 0.3801316203908132 -0.5884986538966704 2
HH0681-rgb_2017_3_18_22_0_0 1620 -0.10172823983095698 1.8691839807093689 -0.37235888589580207 -0.07820205884037357 -1.0677362163329513 -1.2856523213253974 0.5095244103801463 0
HH0681-rgb_2017_3_18_22_0_0 1620 2.0666588714656875 2.951075553262914 -0.9855912801909252 -0.9974715070702217 -0.6433402015699402 0.5467100145624343 -2.638141707213395 2
HH0681-rgb_2017_3_18_22_0_0 310 1.2093895483949213 0.17422051704214828 0.902594045499175 -0.030653639104346937 2.1152338943896316 1.8793371679354027 0.8755320984724185 2
HH0681-rgb_2017_3_18_22_0_0 2275 0.6546858687608959 0.21028356946059978 0.7999132725009218 0.2070884595757862 -0.6433402015699402 0.3801316203908132 0.6193267168078279 2
HH0681-rgb_2017_3_18_22_0_0 1740 -1.1102803846200942 1.1839859847587904 0.24657799578811299 -3.1846988149274464 -0.43114219418843464 -0.11960356212404996 -2.2355332503118954 0
HH0681-rgb_2017_3_18_22_0_0 1740 -1.463273635296292 -0.33066221681617275 -3.036354496461593 -1.1876651860143281 0.20545182795608197 -0.7859171388105343 0.3631213351432374 0
HH0681-rgb_2017_3_18_22_0_0 660 -0.15215584707041385 -0.6912927410006877 -2.6826762783564986 -1.1401167662783016 1.054243857482104 0.8798668029056764 0.2533190287155557 1
HH0681-rgb_2017_3_18_22_0_0 660 1.7136656207894898 0.3545357791344058 0.905446289193571 0.11199162010373294 1.903035887008126 2.212493956278645 -0.11268865937671653 2
HH0681-rgb_2017_3_18_22_0_0 1230 nan nan nan nan nan nan nan 0
HH0681-rgb_2017_3_18_22_0_0 890 -0.5555767049860687 -0.6912927410006877 -2.7996182698267313 -1.552203070657199 0.8420458501005986 1.8793371679354027 0.5095244103801463 1
HH0681-rgb_2017_3_18_22_0_0 1595 1.0581067266765507 1.1839859847587904 -0.21548548270402634 -0.8072778281261151 -1.2799342237144569 0.0469748320475711 2.1565590067953715 1
HH0681-rgb_2017_3_18_22_0_0 1595 1.259817155634378 2.3380036621492386 -0.9884435238853212 -1.0450199268062483 -1.704330238477468 -1.2856523213253974 -2.491738631976486 2
HH0681-rgb_2017_3_18_22_0_0 1580 -1.0598527773806372 0.7872924081558238 -0.412290297617345 -0.10990100533105798 -0.8555382089514458 -1.2856523213253974 1.3147413241831452 0
HH0681-rgb_2017_3_18_22_0_0 1580 -0.3538662760282413 1.0757968275034357 -0.8315701206935455 -0.8072778281261151 -1.4921322310959624 -0.286181956295671 -2.7113432448318493 0
HH0681-rgb_2017_3_18_22_0_0 885 -0.8581423484228098 -0.6912927410006877 -2.7910615387435436 -1.409557811449119 -0.006746179425423586 0.7132884087340554 1.3147413241831452 0
HH0681-rgb_2017_3_18_22_0_0 885 0.8059686904792663 0.8594185129927268 -0.2810870876751326 -0.490288363219271 -0.43114219418843464 -3.1180146572132292 2.4859659260784164 1
HH0681-rgb_2017_3_18_22_0_0 1225 nan nan nan nan nan nan nan 0
HH0681-rgb_2017_3_18_22_0_0 675 -0.45472149050715494 -0.07822084988701222 -2.788209295049148 -0.9023746675981684 1.054243857482104 1.0464451970772974 1.3513420929923725 0
HH0681-rgb_2017_3_18_22_0_0 675 1.7136656207894898 -0.07822084988701222 0.8911850707215914 0.06444320036770632 3.1762239312971596 0.3801316203908132 0.8389313296631913 2
HH0681-rgb_2017_3_18_22_0_0 1755 -0.0008730253520432782 2.7707602911706566 0.9710478941646772 -3.596785119306344 0.20545182795608197 0.8798668029056764 -1.8695255622196232 0
HH0681-rgb_2017_3_18_22_0_0 1755 -1.9171221004514036 -0.4749144264899787 -3.0563202023223646 -1.1401167662783016 -1.2799342237144569 -0.6193387446389131 0.4729236415709191 0
HH0681-rgb_2017_3_18_22_0_0 305 nan nan nan nan nan nan nan 0
HH0681-rgb_2017_3_18_22_0_0 305 1.4615275845922056 0.3545357791344058 0.905446289193571 -0.014804165859004728 1.903035887008126 2.045915562107024 -0.03948712175826208 2
HH0681-rgb_2017_3_18_22_0_0 2260 0.6546858687608959 0.21028356946059978 0.7999132725009218 0.2070884595757862 -0.8555382089514458 0.3801316203908132 0.6925282544262824 2
HH0681-rgb_2017_3_18_22_0_0 1190 nan nan nan nan nan nan nan 0
HH0681-rgb_2017_3_18_22_0_0 1635 0.7555410832398095 2.2298145048938838 -0.26682586920315293 0.3021852990478394 -2.128726253240479 -0.11960356212404996 2.3395628508415074 0
HH0681-rgb_2017_3_18_22_0_0 1635 nan nan nan nan nan nan nan 0
HH0681-rgb_2017_3_18_22_0_0 2300 0.7051134760003527 0.21028356946059978 0.7999132725009218 0.2070884595757862 -0.43114219418843464 0.3801316203908132 0.6193267168078279 2
HH0681-rgb_2017_3_18_22_0_0 265 -0.7572871339438961 -1.0879863176036542 -2.0295124723398326 -1.0450199268062483 1.054243857482104 -0.45276035046729207 0.10691595347864681 1
HH0681-rgb_2017_3_18_22_0_0 265 1.4110999773527486 0.17422051704214828 0.902594045499175 0.15954003983975956 1.2664418648636095 1.7127587737637817 0.3997221039524646 2
HH0681-rgb_2017_3_18_22_0_0 1345 -0.7572871339438961 2.0494992428016263 -0.04435086104027104 1.7286378911286382 -1.4921322310959624 -1.1190739271537764 0.5095244103801463 0
HH0681-rgb_2017_3_18_22_0_0 715 nan nan nan nan nan nan nan 0
HH0681-rgb_2017_3_18_22_0_0 715 0.7051134760003527 1.2921751420141447 0.8227312220560892 0.11199162010373294 -2.3409242606219847 -1.9519658980118817 0.14351672228787404 2
HH0681-rgb_2017_3_18_22_0_0 1355 -0.9085699556622666 1.7249317710355627 -0.1042479786225854 1.792035784110007 0.20545182795608197 -1.1190739271537764 -0.9911071107981698 0
HH0681-rgb_2017_3_18_22_0_0 705 0.8059686904792663 1.003670722666533 0.7999132725009218 0.06444320036770632 -0.6433402015699402 -1.6188091096686394 1.0585359425185545 2
HH0681-rgb_2017_3_18_22_0_0 1625 -1.6649840642541194 1.9773731379647232 -0.4550739530332838 0.872766335880159 -0.8555382089514458 -0.45276035046729207 -1.832924793410396 0
HH0681-rgb_2017_3_18_22_0_0 1625 nan nan nan nan nan nan nan 0
HH0681-rgb_2017_3_18_22_0_0 2310 0.7051134760003527 0.21028356946059978 0.7999132725009218 0.2070884595757862 -1.0677362163329513 -0.286181956295671 0.033714415860192366 2
HH0681-rgb_2017_3_18_22_0_0 275 -0.7068595267044392 -0.6552296885822362 -2.1093752957829186 -1.1401167662783016 -0.006746179425423586 0.3801316203908132 2.119958237986144 1
HH0681-rgb_2017_3_18_22_0_0 275 -0.25301106154932756 -0.00609474505010922 -2.8452541689370663 -1.314460971977066 -1.2799342237144569 -2.951436263041608 -2.2355332503118954 0
HH0681-rgb_2017_3_18_22_0_0 275 1.2093895483949213 0.17422051704214828 0.902594045499175 -0.030653639104346937 1.478639872245115 2.212493956278645 0.5095244103801463 2
HH0681-rgb_2017_3_18_22_0_0 1745 -0.6564319194649824 1.220049037177242 0.4547917854790153 -3.5016882798342905 0.8420458501005986 1.2130235912489185 -1.4303163365088964 0
HH0681-rgb_2017_3_18_22_0_0 1745 -1.3119908135779215 -0.36672526923462423 -3.0449112275447807 -1.1876651860143281 -0.21894418680692912 0.8798668029056764 -0.33229327223207983 0
HH0681-rgb_2017_3_18_22_0_0 315 nan nan nan nan nan nan nan 0
HH0681-rgb_2017_3_18_22_0_0 315 2.016231264226231 0.1381574646236968 0.899741801804779 0.06444320036770632 1.2664418648636095 1.2130235912489185 0.2899197975247829 2
HH0681-rgb_2017_3_18_22_0_0 2270 0.6546858687608959 0.21028356946059978 0.7999132725009218 0.2070884595757862 -1.0677362163329513 -0.286181956295671 -0.14928942818594376 2
HH0681-rgb_2017_3_18_22_0_0 895 -0.3538662760282413 -0.5470405313268817 -2.671267303578915 -1.7423967496013055 0.629847842719093 2.712229138793508 0.948733636090873 1
HH0681-rgb_2017_3_18_22_0_0 1235 nan nan nan nan nan nan nan 0
HH0681-rgb_2017_3_18_22_0_0 665 -0.7068595267044392 -0.6552296885822362 -2.7511301270220008 -0.5853852026913242 1.054243857482104 -1.4522307154970184 0.43632287276169185 0
HH0681-rgb_2017_3_18_22_0_0 665 -1.6145564570146627 2.446192819404593 -2.959343916712903 -1.4412567579398035 2.1152338943896316 -2.6182794746983657 -0.515297116278216 0
HH0681-rgb_2017_3_18_22_0_0 665 1.965803656986774 0.17422051704214828 0.902594045499175 0.11199162010373294 1.478639872245115 0.3801316203908132 -0.11268865937671653 2
HH0681-rgb_2017_3_18_22_0_0 1590 0.5034030470425253 1.3643012468510478 -0.2725303565919448 -0.7280304618994041 -0.6433402015699402 -0.9524955329821553 0.5827259479986008 0
HH0681-rgb_2017_3_18_22_0_0 1590 1.8145208352684035 3.0592647105182684 -0.922841918914215 -1.0450199268062483 -0.006746179425423586 -1.1190739271537764 -0.5518978850874432 2
HH0681-rgb_2017_3_18_22_0_0 1585 0.20083740360578414 1.220049037177242 -0.30960952461909175 -0.5853852026913242 -0.006746179425423586 -1.4522307154970184 1.3879428618015996 0
HH0681-rgb_2017_3_18_22_0_0 1585 -0.0008730253520432782 0.8233554605742753 -0.8886149945814639 -0.9974715070702217 -0.006746179425423586 -0.7859171388105343 -2.125730943884214 0
HH0681-rgb_2017_3_18_22_0_0 670 -2.3205429583670587 -0.04215779746856072 -2.8338451941594824 -0.1415999518217424 -0.006746179425423586 -0.9524955329821553 -1.7231224869827144 0
HH0681-rgb_2017_3_18_22_0_0 670 2.016231264226231 0.1381574646236968 0.899741801804779 0.01689478063167969 -0.21894418680692912 0.8798668029056764 0.4729236415709191 2
HH0681-rgb_2017_3_18_22_0_0 1220 nan nan nan nan nan nan nan 0
HH0681-rgb_2017_3_18_22_0_0 880 -0.7572871339438961 -0.6912927410006877 -2.699789740522874 -1.314460971977066 0.4176498353375875 1.5461803795921607 -1.4669171053181238 0
HH0681-rgb_2017_3_18_22_0_0 880 1.1589619411554644 0.6430401984820178 -0.2810870876751326 -0.6170841491820086 -0.43114219418843464 -1.4522307154970184 2.04675670036769 1
HH0681-rgb_2017_3_18_22_0_0 300 nan nan nan nan nan nan nan 0
HH0681-rgb_2017_3_18_22_0_0 300 -1.463273635296292 1.2921751420141447 -2.893742311741797 -1.330310445222408 1.2664418648636095 -2.4517010805267447 -0.2224909658043982 0
HH0681-rgb_2017_3_18_22_0_0 300 1.4110999773527486 0.3545357791344058 0.905446289193571 0.01689478063167969 2.327431901771137 1.0464451970772974 -0.25909173461362545 2
HH0681-rgb_2017_3_18_22_0_0 2265 0.7051134760003527 0.21028356946059978 0.7999132725009218 0.15954003983975956 -0.006746179425423586 0.0469748320475711 -0.03948712175826208 2
HH0681-rgb_2017_3_18_22_0_0 1750 -0.4042938832676981 1.8691839807093689 0.6373353819203543 -3.469989333343606 2.327431901771137 0.3801316203908132 -2.6015409384041677 0
HH0681-rgb_2017_3_18_22_0_0 1750 -1.2111355990990078 -0.4027883216530757 -3.0335022527671973 -1.1876651860143281 -0.6433402015699402 -0.286181956295671 1.4611443994200541 0
HH0681-rgb_2017_3_18_22_0_0 1195 nan nan nan nan nan nan nan 0
HH0681-rgb_2017_3_18_22_0_0 2305 1.0581067266765507 0.3545357791344058 0.7970610288065259 0.15954003983975956 -1.2799342237144569 0.7132884087340554 0.3997221039524646 2
HH0681-rgb_2017_3_18_22_0_0 260 1.5119551918316623 0.3545357791344058 0.905446289193571 -0.030653639104346937 1.6908378796266206 3.04538592713675 -0.2224909658043982 2
HH0681-rgb_2017_3_18_22_0_0 1630 -1.6145564570146627 1.6528056661986599 -0.338131961563051 0.9203147556161856 -0.006746179425423586 -0.6193387446389131 1.3513420929923725 0
HH0681-rgb_2017_3_18_22_0_0 1630 nan nan nan nan nan nan nan 0
HH0681-rgb_2017_3_18_22_0_0 710 nan nan nan nan nan nan nan 0
HH0681-rgb_2017_3_18_22_0_0 710 0.7051134760003527 0.7151663033189208 0.8084700035841096 0.11199162010373294 -0.21894418680692912 -1.6188091096686394 1.1683382489462364 2
HH0681-rgb_2017_3_18_22_0_0 1340 -0.7572871339438961 2.0494992428016263 0.004137281764459627 1.5067452656938474 -1.2799342237144569 -1.4522307154970184 -0.03948712175826208 0
HH0681-rgb_2017_3_18_22_0_0 1430 -1.7658392787330333 0.7151663033189208 -0.7802297341944189 0.3972821385198927 -1.2799342237144569 -0.9524955329821553 -1.3205140300812148 0
HH0681-rgb_2017_3_18_22_0_0 2105 0.3521202253241547 0.21028356946059978 0.7999132725009218 0.15954003983975956 -0.43114219418843464 -1.6188091096686394 -0.25909173461362545 2
HH0681-rgb_2017_3_18_22_0_0 60 1.259817155634378 2.37406671456769 2.040639279563148 -4.848893505688379 0.20545182795608197 -1.4522307154970184 0.033714415860192366 0
HH0681-rgb_2017_3_18_22_0_0 60 nan nan nan nan nan nan nan 0
HH0681-rgb_2017_3_18_22_0_0 60 1.6632380135500329 -0.00609474505010922 0.902594045499175 -0.014804165859004728 3.1762239312971596 0.3801316203908132 -0.03948712175826208 2
HH0681-rgb_2017_3_18_22_0_0 935 0.7555410832398095 1.7249317710355627 -0.4522217093388879 -1.314460971977066 -0.8555382089514458 -2.2851226863551237 2.266361313223053 0
HH0681-rgb_2017_3_18_22_0_0 1395 -1.6145564570146627 1.2561120895956932 -0.17840631467687937 1.712788417883296 -0.21894418680692912 -0.11960356212404996 1.4611443994200541 0
HH0681-rgb_2017_3_18_22_0_0 510 -1.0598527773806372 -0.7994818982560422 -2.722607690078042 -1.1876651860143281 0.4176498353375875 1.7127587737637817 -1.503517874127351 0
HH0681-rgb_2017_3_18_22_0_0 510 1.7136656207894898 0.3545357791344058 0.905446289193571 0.11199162010373294 2.5396299091526426 1.0464451970772974 -0.6983009603243521 2
HH0681-rgb_2017_3_18_22_0_0 1815 2.318796907662972 0.9676076702480813 0.9853091126366568 -4.674549299989614 -1.0677362163329513 -0.6193387446389131 1.278140555373918 2
HH0681-rgb_2017_3_18_22_0_0 1815 -2.118832529409231 -0.5470405313268817 -3.0591724460167606 -1.0925683465422749 -1.9165282458589736 0.7132884087340554 0.7657297920447369 0
HH0681-rgb_2017_3_18_22_0_0 1020 2.5205073366207995 4.177219335490265 -0.09854349123379356 -1.2352136057503549 -0.43114219418843464 -0.11960356212404996 2.04675670036769 2
HH0681-rgb_2017_3_18_22_0_0 470 -0.5051490977466118 -0.36672526923462423 -2.77965256396596 -1.0450199268062483 -1.9165282458589736 -1.1190739271537764 1.278140555373918 1
HH0681-rgb_2017_3_18_22_0_0 470 1.7136656207894898 0.17422051704214828 0.902594045499175 0.01689478063167969 3.1762239312971596 1.7127587737637817 0.4729236415709191 2
HH0681-rgb_2017_3_18_22_0_0 1785 3.2769214452126523 3.1674538677736233 1.1821139275499752 -4.563602987272218 1.054243857482104 -0.6193387446389131 -1.9427270998380777 2
HH0681-rgb_2017_3_18_22_0_0 1785 -1.866694493211947 0.02996830736834228 -3.07343366448874 -1.0925683465422749 -2.977518282766501 -1.2856523213253974 1.1683382489462364 0
HH0681-rgb_2017_3_18_22_0_0 1975 2.318796907662972 0.5709140936451148 0.8712193648608199 -0.1732988983124268 0.8420458501005986 1.7127587737637817 1.5709467058477358 2
HH0681-rgb_2017_3_18_22_0_0 1975 -0.3034386687887844 -1.0519232651852028 -2.6627105724957274 -1.2352136057503549 -1.4921322310959624 0.3801316203908132 -0.6617001915151248 1
HH0681-rgb_2017_3_18_22_0_0 1550 -0.20258345430987068 0.5348510412266633 -0.2782348439807366 -0.030653639104346937 -0.21894418680692912 -1.4522307154970184 2.119958237986144 0
HH0681-rgb_2017_3_18_22_0_0 100 2.1170864787051444 0.4987879888082118 -0.4579261967276797 -5.229280863576592 -0.8555382089514458 -1.6188091096686394 -1.2839132612719877 2
HH0681-rgb_2017_3_18_22_0_0 100 nan nan nan nan nan nan nan 0
HH0681-rgb_2017_3_18_22_0_0 100 0.7051134760003527 0.17422051704214828 0.902594045499175 -0.030653639104346937 1.6908378796266206 2.045915562107024 1.3147413241831452 2
HH0681-rgb_2017_3_18_22_0_0 2065 0.8059686904792663 0.21028356946059978 0.7999132725009218 0.01689478063167969 -0.006746179425423586 1.5461803795921607 -0.14928942818594376 2
HH0681-rgb_2017_3_18_22_0_0 855 -0.807714741183353 -0.00609474505010922 -2.711198715300458 -1.1876651860143281 -1.0677362163329513 -1.1190739271537764 1.4245436306108268 0
HH0681-rgb_2017_3_18_22_0_0 855 0.7555410832398095 0.17422051704214828 -0.28964381875832035 -0.44273994348324436 -0.43114219418843464 0.21355322621919218 2.412764388459962 1
HH0681-rgb_2017_3_18_22_0_0 840 -0.6060043122255255 -0.04215779746856072 -2.711198715300458 -1.1876651860143281 -2.128726253240479 -1.2856523213253974 -0.14928942818594376 0
HH0681-rgb_2017_3_18_22_0_0 840 -0.9589975629017234 0.7872924081558238 -0.554902482337141 -0.189148371557769 -1.4921322310959624 1.0464451970772974 -2.272134019121123 0
HH0681-rgb_2017_3_18_22_0_0 115 nan nan nan nan nan nan nan 0
HH0681-rgb_2017_3_18_22_0_0 115 0.6546858687608959 -0.18641000714236672 -0.18696304576006714 -2.2971283131882827 -0.8555382089514458 -0.7859171388105343 -1.2107117236535332 2
HH0681-rgb_2017_3_18_22_0_0 115 0.40254783256361154 0.17422051704214828 0.902594045499175 0.15954003983975956 0.20545182795608197 -2.2851226863551237 -0.6983009603243521 2
HH0681-rgb_2017_3_18_22_0_0 2070 0.6042582615214389 0.3545357791344058 0.7970610288065259 0.11199162010373294 -0.21894418680692912 -1.6188091096686394 -0.29569250342285264 2
HH0681-rgb_2017_3_18_22_0_0 1545 -0.10172823983095698 1.003670722666533 -0.2867915750639244 -0.07820205884037357 1.2664418648636095 -1.7853875038402607 0.5461251791893735 0
HH0681-rgb_2017_3_18_22_0_0 1960 2.923928194536454 0.7872924081558238 0.9368209698319261 -2.534870411868416 1.054243857482104 -1.6188091096686394 0.9121328672816458 2
HH0681-rgb_2017_3_18_22_0_0 1960 -1.4128460280568351 -1.0158602127667513 -2.4231221021664697 -0.9974715070702217 0.629847842719093 0.5467100145624343 1.4611443994200541 0
HH0681-rgb_2017_3_18_22_0_0 1790 3.882052732086134 3.5641474443765895 1.1792616838555794 -4.563602987272218 1.478639872245115 -0.11960356212404996 -1.6133201805550326 2
HH0681-rgb_2017_3_18_22_0_0 1790 -1.0094251701411803 -0.22247305956081823 -3.042058983850385 -1.2352136057503549 -0.006746179425423586 -0.9524955329821553 1.6807490122754174 0
HH0681-rgb_2017_3_18_22_0_0 465 -0.6060043122255255 -0.25853611197926973 -2.77965256396596 -1.0450199268062483 -1.2799342237144569 -2.784857868869987 1.0585359425185545 0
HH0681-rgb_2017_3_18_22_0_0 465 1.7136656207894898 -0.11428390230546372 0.8911850707215914 -0.030653639104346937 2.751827916534148 0.7132884087340554 0.9121328672816458 2
HH0681-rgb_2017_3_18_22_0_0 1035 2.5205073366207995 4.718165121767037 -0.09854349123379356 -1.2352136057503549 -0.6433402015699402 0.3801316203908132 1.6807490122754174 2
HH0681-rgb_2017_3_18_22_0_0 1800 2.873500587296997 1.0757968275034357 1.048058473913367 -4.658699826744272 0.4176498353375875 0.0469748320475711 1.1683382489462364 2
HH0681-rgb_2017_3_18_22_0_0 1800 -1.2111355990990078 -0.1503469547239152 -3.0534679586279685 -1.2352136057503549 -1.4921322310959624 -0.286181956295671 0.033714415860192366 0
HH0681-rgb_2017_3_18_22_0_0 505 -0.7068595267044392 -0.6912927410006877 -2.7254599337724374 -1.1876651860143281 -0.6433402015699402 1.2130235912489185 -1.503517874127351 0
HH0681-rgb_2017_3_18_22_0_0 505 1.7136656207894898 0.3545357791344058 0.905446289193571 0.01689478063167969 3.1762239312971596 1.0464451970772974 -0.2224909658043982 2
HH0681-rgb_2017_3_18_22_0_0 1380 -1.0598527773806372 1.7249317710355627 -0.08713451645620987 1.792035784110007 -0.8555382089514458 -0.11960356212404996 -0.11268865937671653 0
HH0681-rgb_2017_3_18_22_0_0 920 2.5205073366207995 1.220049037177242 -2.571438774275058 -3.6443335390423703 -2.55312226800349 0.21355322621919218 -1.3937155676996693 2
HH0681-rgb_2017_3_18_22_0_0 920 2.621362551099713 1.4364273516879509 0.015546256542043314 -1.1401167662783016 1.478639872245115 0.7132884087340554 1.278140555373918 2
HH0681-rgb_2017_3_18_22_0_0 2110 0.30169261808469783 0.06603135978679378 0.7970610288065259 0.11199162010373294 -0.6433402015699402 -0.6193387446389131 -0.03948712175826208 2
HH0681-rgb_2017_3_18_22_0_0 75 0.5034030470425253 1.5806795613617568 0.8056177598897136 -4.389258781573454 -0.43114219418843464 0.0469748320475711 2.30296208203228 0
HH0681-rgb_2017_3_18_22_0_0 75 -0.5051490977466118 0.7151663033189208 -0.058612079512250656 -3.3273440741355262 -2.3409242606219847 -1.7853875038402607 1.4611443994200541 0
HH0681-rgb_2017_3_18_22_0_0 75 -0.5051490977466118 -1.1961754748590088 0.8484014153056525 -0.030653639104346937 -1.0677362163329513 -0.6193387446389131 0.3997221039524646 1
HH0681-rgb_2017_3_18_22_0_0 1425 -1.5137012425357488 0.8233554605742753 -0.629060818391435 -0.3159441575205067 -0.21894418680692912 -1.1190739271537764 1.2049390177554635 0
HH0681-rgb_2017_3_18_22_0_0 760 -0.6060043122255255 -0.25853611197926973 -2.676971790967707 -1.1876651860143281 -0.006746179425423586 -2.1185442921835027 -2.0525294062657595 0
HH0681-rgb_2017_3_18_22_0_0 760 -1.1607079918595509 0.7151663033189208 -0.48930087736603484 -1.6631493833745945 3.388421938678665 0.0469748320475711 -0.0760878905674893 0
HH0681-rgb_2017_3_18_22_0_0 990 nan nan nan nan nan nan nan 0
HH0681-rgb_2017_3_18_22_0_0 990 2.5205073366207995 3.744462706468847 -0.058612079512250656 -1.1876651860143281 -0.21894418680692912 0.8798668029056764 1.3879428618015996 2
HH0681-rgb_2017_3_18_22_0_0 1495 -1.463273635296292 0.8954815654111783 -0.29534830614711216 -0.1732988983124268 1.054243857482104 -0.9524955329821553 -2.3087347879303497 0
HH0681-rgb_2017_3_18_22_0_0 210 -0.7572871339438961 -1.1240493700221057 -2.1749769007540247 -0.9023746675981684 2.1152338943896316 0.21355322621919218 0.10691595347864681 0
HH0681-rgb_2017_3_18_22_0_0 210 nan nan nan nan nan nan nan 0
HH0681-rgb_2017_3_18_22_0_0 210 1.4110999773527486 0.17422051704214828 0.902594045499175 0.06444320036770632 2.751827916534148 1.5461803795921607 0.3631213351432374 2
HH0681-rgb_2017_3_18_22_0_0 2375 1.1085343339160074 0.3184727267159543 0.8056177598897136 0.2070884595757862 -0.006746179425423586 2.379072350450266 0.3631213351432374 2
HH0681-rgb_2017_3_18_22_0_0 1640 1.3606723701132917 1.6888687186171114 -0.34098420525744694 -0.8548262478621418 -1.4921322310959624 -0.11960356212404996 0.18011749109710126 2
HH0681-rgb_2017_3_18_22_0_0 1640 -1.4128460280568351 0.8594185129927268 -0.8230133896103577 -0.3000946842751645 -0.8555382089514458 -1.6188091096686394 1.131737480137009 0
HH0681-rgb_2017_3_18_22_0_0 2215 0.7051134760003527 0.21028356946059978 0.7999132725009218 0.15954003983975956 -0.6433402015699402 0.3801316203908132 0.033714415860192366 2
HH0681-rgb_2017_3_18_22_0_0 370 -1.9171221004514036 -0.07822084988701222 -2.9850141099624663 -0.47443888997392875 0.629847842719093 -0.6193387446389131 -1.64992094936426 0
HH0681-rgb_2017_3_18_22_0_0 370 1.5119551918316623 0.17422051704214828 0.902594045499175 -0.07820205884037357 3.388421938678665 1.5461803795921607 -0.2224909658043982 2
HH0681-rgb_2017_3_18_22_0_0 1720 nan nan nan nan nan nan nan 0
HH0681-rgb_2017_3_18_22_0_0 1085 nan nan nan nan nan nan nan 0
HH0681-rgb_2017_3_18_22_0_0 1085 2.318796907662972 5.078795645951553 -0.15844060881610791 -1.1401167662783016 -0.21894418680692912 -0.11960356212404996 1.4611443994200541 2
HH0681-rgb_2017_3_18_22_0_0 600 -0.5051490977466118 -0.6912927410006877 -2.7653913454939807 -1.1401167662783016 0.20545182795608197 1.3796019854205397 -1.8695255622196232 0
HH0681-rgb_2017_3_18_22_0_0 600 1.612810406310576 0.06603135978679378 0.8968895581103832 0.11199162010373294 3.1762239312971596 0.8798668029056764 0.21671825990632848 2
HH0681-rgb_2017_3_18_22_0_0 1250 4.487184018959617 3.924777968561105 -0.05575983581785473 -1.6472999101292523 1.903035887008126 -1.9519658980118817 -2.2355332503118954 2
HH0681-rgb_2017_3_18_22_0_0 1245 nan nan nan nan nan nan nan 0
HH0681-rgb_2017_3_18_22_0_0 615 -1.2111355990990078 -0.9437341079298482 -2.668415059884519 -1.1876651860143281 1.054243857482104 1.5461803795921607 -1.7231224869827144 0
HH0681-rgb_2017_3_18_22_0_0 615 1.9153760497473171 0.2824096742975028 0.902594045499175 0.06444320036770632 1.903035887008126 1.3796019854205397 0.14351672228787404 2
HH0681-rgb_2017_3_18_22_0_0 1090 nan nan nan nan nan nan nan 0
HH0681-rgb_2017_3_18_22_0_0 1090 1.9153760497473171 4.321471545164071 -0.1698495835936916 -1.0925683465422749 -0.21894418680692912 0.0469748320475711 1.5709467058477358 0
HH0681-rgb_2017_3_18_22_0_0 1735 -1.6145564570146627 0.5709140936451148 -0.05575983581785473 -3.3431935473808685 -0.8555382089514458 -2.1185442921835027 1.7173497810846448 0
HH0681-rgb_2017_3_18_22_0_0 1735 -1.3119908135779215 -0.4027883216530757 -3.0335022527671973 -1.2352136057503549 -1.9165282458589736 -0.6193387446389131 1.095136711327782 0
HH0681-rgb_2017_3_18_22_0_0 2200 0.6042582615214389 0.21028356946059978 0.7999132725009218 0.15954003983975956 -0.21894418680692912 -1.9519658980118817 -0.0760878905674893 2
HH0681-rgb_2017_3_18_22_0_0 365 1.5119551918316623 0.3545357791344058 0.8968895581103832 -0.030653639104346937 3.1762239312971596 1.7127587737637817 0.8389313296631913 2
HH0681-rgb_2017_3_18_22_0_0 1655 0.6042582615214389 1.6167426137802083 -0.3124617683134877 -1.0925683465422749 -2.3409242606219847 -0.9524955329821553 2.1931597756045984 1
HH0681-rgb_2017_3_18_22_0_0 205 -0.7572871339438961 -1.0519232651852028 -2.177829144448421 -0.9023746675981684 1.6908378796266206 -0.11960356212404996 0.4729236415709191 0
HH0681-rgb_2017_3_18_22_0_0 205 nan nan nan nan nan nan nan 0
HH0681-rgb_2017_3_18_22_0_0 205 1.7640932280289465 0.3545357791344058 0.8968895581103832 0.0327442538770219 3.388421938678665 0.8798668029056764 0.3631213351432374 2
HH0681-rgb_2017_3_18_22_0_0 2360 1.1085343339160074 0.21028356946059978 0.8084700035841096 0.2070884595757862 -0.8555382089514458 0.8798668029056764 0.2533190287155557 2
HH0681-rgb_2017_3_18_22_0_0 1480 -1.0094251701411803 1.5446165089433053 -0.30390503723029993 -0.20499784480311123 -1.4921322310959624 -1.9519658980118817 -2.125730943884214 0
HH0681-rgb_2017_3_18_22_0_0 1325 nan nan nan nan nan nan nan 0
HH0681-rgb_2017_3_18_22_0_0 985 nan nan nan nan nan nan nan 0
HH0681-rgb_2017_3_18_22_0_0 985 nan nan nan nan nan nan nan 0
HH0681-rgb_2017_3_18_22_0_0 775 -0.807714741183353 -0.5109774789084303 -2.6541538414125396 -1.1401167662783016 0.629847842719093 -1.6188091096686394 -2.345335556739577 0
HH0681-rgb_2017_3_18_22_0_0 775 -1.1607079918595509 1.3282381944325963 -3.0249455216840095 -1.5205041241665145 2.5396299091526426 -0.6193387446389131 -1.2107117236535332 0
HH0681-rgb_2017_3_18_22_0_0 775 -0.807714741183353 0.6791032509004693 -0.4550739530332838 -2.0435367412628076 -1.704330238477468 -1.6188091096686394 0.32652056633401016 0
HH0681-rgb_2017_3_18_22_0_0 5 1.259817155634378 2.2658775573123355 -0.9741823054133416 -5.213431390331249 0.20545182795608197 -0.6193387446389131 -0.7349017291335793 0
HH0681-rgb_2017_3_18_22_0_0 5 0.8563962977187233 0.4627249363897603 -2.970752891490487 -3.4065914403622375 -0.6433402015699402 -0.9524955329821553 1.5709467058477358 1
HH0681-rgb_2017_3_18_22_0_0 5 0.5034030470425253 0.17422051704214828 0.8940373144159872 -0.1732988983124268 0.629847842719093 2.878807532965129 -0.515297116278216 2
HH0681-rgb_2017_3_18_22_0_0 2160 0.7051134760003527 0.21028356946059978 0.7999132725009218 0.15954003983975956 -0.43114219418843464 0.3801316203908132 0.033714415860192366 2
HH0681-rgb_2017_3_18_22_0_0 1455 -0.9589975629017234 0.3545357791344058 -0.3153140120078836 -0.3476431040111911 2.1152338943896316 -0.6193387446389131 -0.29569250342285264 0
HH0681-rgb_2017_3_18_22_0_0 950 nan nan nan nan nan nan nan 0
HH0681-rgb_2017_3_18_22_0_0 950 -0.0008730253520432782 1.1839859847587904 -0.17840631467687937 -1.2827620254863814 -0.21894418680692912 -1.4522307154970184 -2.491738631976486 0
HH0681-rgb_2017_3_18_22_0_0 575 -1.1102803846200942 0.1381574646236968 -2.8595153874090458 -0.9657725605795372 -0.006746179425423586 -0.286181956295671 -2.4551378631672587 0
HH0681-rgb_2017_3_18_22_0_0 575 1.7136656207894898 0.3545357791344058 0.905446289193571 0.01689478063167969 3.1762239312971596 1.3796019854205397 0.21671825990632848 2
HH0681-rgb_2017_3_18_22_0_0 1870 3.730769910367764 1.0397337750849842 1.1136600788844733 -4.436807201309481 -0.6433402015699402 -1.7853875038402607 0.9121328672816458 2
HH0681-rgb_2017_3_18_22_0_0 1870 -0.45472149050715494 -0.6191666361637848 -2.822436219381899 -1.314460971977066 0.20545182795608197 2.045915562107024 -2.272134019121123 0
HH0681-rgb_2017_3_18_22_0_0 1680 nan nan nan nan nan nan nan 0
HH0681-rgb_2017_3_18_22_0_0 1680 nan nan nan nan nan nan nan 0
HH0681-rgb_2017_3_18_22_0_0 415 -0.7572871339438961 -0.5470405313268817 -2.8138794882987113 -1.0925683465422749 -0.21894418680692912 1.8793371679354027 0.7657297920447369 0
HH0681-rgb_2017_3_18_22_0_0 415 1.612810406310576 0.17422051704214828 0.902594045499175 0.01689478063167969 3.6006199460601707 1.2130235912489185 -0.0028863529490348577 2
HH0681-rgb_2017_3_18_22_0_0 1045 -0.3538662760282413 0.6791032509004693 -0.6376175494746228 1.792035784110007 -1.4921322310959624 -1.7853875038402607 1.6807490122754174 1
HH0681-rgb_2017_3_18_22_0_0 1045 2.923928194536454 4.609975964511683 -0.08713451645620987 -1.2827620254863814 -0.6433402015699402 -0.11960356212404996 1.753950549893872 2
HH0681-rgb_2017_3_18_22_0_0 1910 nan nan nan nan nan nan nan 0
HH0681-rgb_2017_3_18_22_0_0 1910 nan nan nan nan nan nan nan 0
HH0681-rgb_2017_3_18_22_0_0 2000 0.20083740360578414 0.06603135978679378 0.7885042977233381 -0.030653639104346937 2.1152338943896316 -2.4517010805267447 -0.25909173461362545 2
HH0681-rgb_2017_3_18_22_0_0 165 -1.4128460280568351 -0.6191666361637848 -2.371781715667343 -1.0925683465422749 1.054243857482104 0.21355322621919218 -0.7349017291335793 0
HH0681-rgb_2017_3_18_22_0_0 165 1.4110999773527486 0.3545357791344058 0.8968895581103832 0.01689478063167969 1.478639872245115 1.8793371679354027 0.5095244103801463 2
HH0681-rgb_2017_3_18_22_0_0 1535 -1.0094251701411803 1.4724904041064024 -0.30390503723029993 -0.06235258559503135 -1.704330238477468 -1.9519658980118817 -1.4669171053181238 0
HH0681-rgb_2017_3_18_22_0_0 830 -0.6060043122255255 -0.04215779746856072 -2.711198715300458 -1.1876651860143281 -2.128726253240479 -0.9524955329821553 -0.0028863529490348577 0
HH0681-rgb_2017_3_18_22_0_0 1290 -1.7154116714935763 1.1839859847587904 -0.7631162720280433 0.06444320036770632 1.054243857482104 -0.9524955329821553 0.8389313296631913 0
HH0681-rgb_2017_3_18_22_0_0 1285 -1.6649840642541194 1.1118598799218873 -0.7545595409448556 0.08029267361304852 0.8420458501005986 -0.9524955329821553 1.131737480137009 0
HH0681-rgb_2017_3_18_22_0_0 825 -0.807714741183353 -0.22247305956081823 -2.711198715300458 -1.1876651860143281 -1.9165282458589736 -2.1185442921835027 -1.0643086484166242 0
HH0681-rgb_2017_3_18_22_0_0 1520 -1.0598527773806372 1.0397337750849842 -0.30105279353590403 -0.1574494250670846 0.20545182795608197 -1.6188091096686394 0.7657297920447369 0
HH0681-rgb_2017_3_18_22_0_0 2015 0.4529754398030684 0.21028356946059978 0.7999132725009218 -0.014804165859004728 -0.006746179425423586 -0.286181956295671 -0.03948712175826208 2
HH0681-rgb_2017_3_18_22_0_0 170 -1.6649840642541194 -0.8716080030929453 -2.1721246570596286 -0.9499230873341951 -0.21894418680692912 -1.1190739271537764 1.2049390177554635 0
HH0681-rgb_2017_3_18_22_0_0 170 nan nan nan nan nan nan nan 0
HH0681-rgb_2017_3_18_22_0_0 170 1.1085343339160074 0.17422051704214828 0.902594045499175 0.01689478063167969 0.20545182795608197 1.7127587737637817 0.5827259479986008 2
HH0681-rgb_2017_3_18_22_0_0 1905 -0.3538662760282413 1.8691839807093689 0.6287786508371666 -4.008871423685242 -0.43114219418843464 -0.286181956295671 0.7657297920447369 0
HH0681-rgb_2017_3_18_22_0_0 1905 nan nan nan nan nan nan nan 0
HH0681-rgb_2017_3_18_22_0_0 1050 -0.15215584707041385 1.4724904041064024 -0.52067555800439 1.554293685429874 0.20545182795608197 -2.2851226863551237 -1.9793278686473048 0
HH0681-rgb_2017_3_18_22_0_0 1050 2.722217765578627 4.429660702419426 -0.08713451645620987 -1.2352136057503549 -0.6433402015699402 -0.286181956295671 1.4245436306108268 2
HH0681-rgb_2017_3_18_22_0_0 400 -0.5051490977466118 -0.33066221681617275 -2.811027244604315 -1.0925683465422749 -1.0677362163329513 -0.11960356212404996 1.095136711327782 1
HH0681-rgb_2017_3_18_22_0_0 400 1.310244762873835 0.17422051704214828 0.902594045499175 0.06444320036770632 2.1152338943896316 0.0469748320475711 0.07031518466941959 2
HH0681-rgb_2017_3_18_22_0_0 1695 nan nan nan nan nan nan nan 0
HH0681-rgb_2017_3_18_22_0_0 1695 nan nan nan nan nan nan nan 0
HH0681-rgb_2017_3_18_22_0_0 1865 3.2264938379731953 1.1118598799218873 1.0651719360797425 -4.484355621045507 0.629847842719093 -0.11960356212404996 2.119958237986144 2
HH0681-rgb_2017_3_18_22_0_0 1865 -1.2615632063384645 -0.18641000714236672 -2.8595153874090458 -1.2193641325050126 0.20545182795608197 -2.6182794746983657 -1.5767194117458054 0
HH0681-rgb_2017_3_18_22_0_0 560 -1.463273635296292 0.1381574646236968 -2.8766288495754213 -0.9499230873341951 -0.006746179425423586 -1.7853875038402607 -1.7597232557919416 0
HH0681-rgb_2017_3_18_22_0_0 560 1.612810406310576 0.17422051704214828 0.902594045499175 0.01689478063167969 3.388421938678665 0.8798668029056764 0.07031518466941959 2
HH0681-rgb_2017_3_18_22_0_0 945 nan nan nan nan nan nan nan 0
HH0681-rgb_2017_3_18_22_0_0 945 0.8563962977187233 1.4724904041064024 -0.2611213818143611 -1.552203070657199 0.629847842719093 -0.6193387446389131 1.4977451682292813 0
HH0681-rgb_2017_3_18_22_0_0 1440 -1.866694493211947 1.0397337750849842 -0.6205040873082472 0.11199162010373294 -0.43114219418843464 -0.7859171388105343 0.32652056633401016 0
HH0681-rgb_2017_3_18_22_0_0 10 1.0076791194370938 1.6528056661986599 -0.4693351715052634 -5.641367167955488 1.054243857482104 -0.11960356212404996 0.802330560853964 0
HH0681-rgb_2017_3_18_22_0_0 10 0.6546858687608959 0.17422051704214828 0.8940373144159872 -0.1574494250670846 0.629847842719093 2.712229138793508 -0.03948712175826208 2
HH0681-rgb_2017_3_18_22_0_0 2175 0.6546858687608959 0.21028356946059978 0.7999132725009218 0.2070884595757862 -0.43114219418843464 -1.4522307154970184 -0.33229327223207983 2
HH0681-rgb_2017_3_18_22_0_0 1450 -0.9589975629017234 0.9315446178296298 -0.34954093634063466 -0.25254626453913787 -0.6433402015699402 0.5467100145624343 0.07031518466941959 0
HH0681-rgb_2017_3_18_22_0_0 2165 0.30169261808469783 0.21028356946059978 0.7999132725009218 0.15954003983975956 -0.006746179425423586 -2.4517010805267447 -0.25909173461362545 2
HH0681-rgb_2017_3_18_22_0_0 955 nan nan nan nan nan nan nan 0
HH0681-rgb_2017_3_18_22_0_0 955 1.1085343339160074 4.069030178234911 -0.30960952461909175 -0.5853852026913242 0.20545182795608197 -0.6193387446389131 1.8637528563215535 0
HH0681-rgb_2017_3_18_22_0_0 570 -1.3119908135779215 -0.22247305956081823 -2.8595153874090458 -0.9974715070702217 0.20545182795608197 0.0469748320475711 -2.198932481502668 0
HH0681-rgb_2017_3_18_22_0_0 570 1.7136656207894898 -0.04215779746856072 0.8940373144159872 0.11199162010373294 2.751827916534148 0.21355322621919218 0.18011749109710126 2
HH0681-rgb_2017_3_18_22_0_0 1685 nan nan nan nan nan nan nan 0
HH0681-rgb_2017_3_18_22_0_0 1685 nan nan nan nan nan nan nan 0
HH0681-rgb_2017_3_18_22_0_0 1875 4.235045982762332 2.446192819404593 1.376066498768898 -4.484355621045507 0.20545182795608197 0.0469748320475711 -2.0891301750749864 2
HH0681-rgb_2017_3_18_22_0_0 1875 -0.9085699556622666 -0.8355449506744937 -2.7368689085500213 -1.330310445222408 1.478639872245115 0.21355322621919218 -2.198932481502668 0
HH0681-rgb_2017_3_18_22_0_0 1040 2.923928194536454 4.609975964511683 -0.08713451645620987 -1.2827620254863814 -0.8555382089514458 -0.11960356212404996 1.790551318703099 2
HH0681-rgb_2017_3_18_22_0_0 410 -0.6060043122255255 -0.6912927410006877 -2.7996182698267313 -1.1401167662783016 1.903035887008126 0.3801316203908132 0.10691595347864681 0
HH0681-rgb_2017_3_18_22_0_0 410 1.7136656207894898 0.17422051704214828 0.902594045499175 0.15954003983975956 3.1762239312971596 1.3796019854205397 0.2899197975247829 2
HH0681-rgb_2017_3_18_22_0_0 1915 nan nan nan nan nan nan nan 0
HH0681-rgb_2017_3_18_22_0_0 1915 nan nan nan nan nan nan nan 0
HH0681-rgb_2017_3_18_22_0_0 1530 -0.7572871339438961 1.5085534565248537 -0.3181662557022795 -0.10990100533105798 -1.2799342237144569 -2.784857868869987 -1.0643086484166242 0
HH0681-rgb_2017_3_18_22_0_0 2005 0.40254783256361154 0.21028356946059978 0.7999132725009218 0.11199162010373294 -0.43114219418843464 -0.45276035046729207 -0.33229327223207983 2
HH0681-rgb_2017_3_18_22_0_0 2005 -1.4128460280568351 -0.33066221681617275 -1.9696153547575184 -1.9325904285454119 1.054243857482104 0.3801316203908132 -2.345335556739577 0
HH0681-rgb_2017_3_18_22_0_0 160 -0.0008730253520432782 0.9315446178296298 -2.5885522364414335 -1.1876651860143281 -0.6433402015699402 0.0469748320475711 2.30296208203228 0
HH0681-rgb_2017_3_18_22_0_0 160 1.1085343339160074 0.3545357791344058 0.8968895581103832 0.01689478063167969 1.2664418648636095 2.878807532965129 0.10691595347864681 2
HH0681-rgb_2017_3_18_22_0_0 1295 -1.6649840642541194 1.1118598799218873 -0.7545595409448556 0.08029267361304852 -0.006746179425423586 -0.7859171388105343 0.948733636090873 0
HH0681-rgb_2017_3_18_22_0_0 835 -1.0094251701411803 -0.18641000714236672 -2.708346471606062 -1.1876651860143281 -0.6433402015699402 -1.2856523213253974 1.3513420929923725 0
HH0681-rgb_2017_3_18_22_0_0 835 -1.9171221004514036 -0.2945991643977212 -0.554902482337141 0.27048635255715503 -0.21894418680692912 -0.286181956295671 -1.7963240246011687 0
HH0681-rgb_2017_3_18_22_0_0 820 -0.807714741183353 -0.00609474505010922 -2.70264198421727 -1.2352136057503549 -1.9165282458589736 -1.2856523213253974 -0.515297116278216 0
HH0681-rgb_2017_3_18_22_0_0 1280 -1.7658392787330333 1.0757968275034357 -0.7802297341944189 0.15954003983975956 2.5396299091526426 -1.7853875038402607 -0.6983009603243521 0
HH0681-rgb_2017_3_18_22_0_0 2010 0.30169261808469783 0.21028356946059978 0.7999132725009218 0.01689478063167969 -0.006746179425423586 0.5467100145624343 -0.18589019699517098 2
HH0681-rgb_2017_3_18_22_0_0 175 nan nan nan nan nan nan nan 0
HH0681-rgb_2017_3_18_22_0_0 175 1.5119551918316623 0.3545357791344058 0.8968895581103832 0.06444320036770632 2.5396299091526426 1.3796019854205397 0.32652056633401016 2
HH0681-rgb_2017_3_18_22_0_0 1525 -0.9589975629017234 1.3282381944325963 -0.30390503723029993 -0.10990100533105798 -0.006746179425423586 -2.784857868869987 -1.3571147988904422 0
HH0681-rgb_2017_3_18_22_0_0 1900 -0.10172823983095698 2.446192819404593 0.9311164824431343 -4.119817736402637 -2.128726253240479 1.3796019854205397 0.5095244103801463 0
HH0681-rgb_2017_3_18_22_0_0 1900 nan nan nan nan nan nan nan 0
HH0681-rgb_2017_3_18_22_0_0 405 -0.6564319194649824 -0.25853611197926973 -2.822436219381899 -1.0925683465422749 -0.8555382089514458 -0.45276035046729207 -0.18589019699517098 0
HH0681-rgb_2017_3_18_22_0_0 405 1.612810406310576 0.17422051704214828 0.902594045499175 0.01689478063167969 3.1762239312971596 0.7132884087340554 0.5095244103801463 2
HH0681-rgb_2017_3_18_22_0_0 1055 -0.0008730253520432782 1.8691839807093689 -0.48930087736603484 1.5067452656938474 1.054243857482104 -1.6188091096686394 0.18011749109710126 0
HH0681-rgb_2017_3_18_22_0_0 1055 -0.20258345430987068 1.0757968275034357 -0.1042479786225854 -1.2352136057503549 -0.006746179425423586 -1.9519658980118817 -1.174110954844306 0
HH0681-rgb_2017_3_18_22_0_0 1860 3.5290594814099365 1.1118598799218873 1.082285398246118 -4.5319040407815345 -0.006746179425423586 -2.4517010805267447 1.9003536251307809 2
HH0681-rgb_2017_3_18_22_0_0 1860 -0.4042938832676981 -0.4749144264899787 -2.85666314371465 -1.2827620254863814 -0.8555382089514458 -0.6193387446389131 0.14351672228787404 1
HH0681-rgb_2017_3_18_22_0_0 1690 nan nan nan nan nan nan nan 0
HH0681-rgb_2017_3_18_22_0_0 1690 nan nan nan nan nan nan nan 0
HH0681-rgb_2017_3_18_22_0_0 565 -1.2615632063384645 0.2463466218790513 -2.8737766058810257 -0.9816220338248794 0.629847842719093 -2.2851226863551237 -1.6133201805550326 0
HH0681-rgb_2017_3_18_22_0_0 565 1.4110999773527486 0.06603135978679378 0.905446289193571 0.06444320036770632 2.751827916534148 1.3796019854205397 0.14351672228787404 2
HH0681-rgb_2017_3_18_22_0_0 940 nan nan nan nan nan nan nan 0
HH0681-rgb_2017_3_18_22_0_0 940 0.5538306542819821 1.9773731379647232 -0.48644863367163893 -1.314460971977066 -0.21894418680692912 -1.2856523213253974 2.0833574691769168 0
HH0681-rgb_2017_3_18_22_0_0 15 0.5538306542819821 1.6528056661986599 0.03836420609721069 -5.165882970595223 0.629847842719093 -1.2856523213253974 -1.1375101860350787 0
HH0681-rgb_2017_3_18_22_0_0 15 0.9572515121976369 0.17422051704214828 0.8940373144159872 -0.10990100533105798 0.20545182795608197 3.378542715479992 -0.2224909658043982 2
HH0681-rgb_2017_3_18_22_0_0 2170 0.7555410832398095 0.06603135978679378 0.7970610288065259 0.15954003983975956 -0.8555382089514458 0.3801316203908132 0.14351672228787404 2
HH0681-rgb_2017_3_18_22_0_0 1445 -1.5137012425357488 1.003670722666533 -0.48644863367163893 -0.12575047857640018 -0.21894418680692912 1.5461803795921607 0.948733636090873 0
HH0681-rgb_2017_3_18_22_0_0 1335 -0.10172823983095698 1.2561120895956932 -0.1441793903441283 1.8078852573553492 0.8420458501005986 0.3801316203908132 -2.4185370943580313 2
HH0681-rgb_2017_3_18_22_0_0 995 nan nan nan nan nan nan nan 0
HH0681-rgb_2017_3_18_22_0_0 995 0.5538306542819821 1.7249317710355627 -0.09569124753939763 -1.409557811449119 1.6908378796266206 -3.1180146572132292 -1.64992094936426 0
HH0681-rgb_2017_3_18_22_0_0 765 -0.807714741183353 -0.7634188458375908 -2.634188135551768 -1.1401167662783016 -0.006746179425423586 1.7127587737637817 -1.8695255622196232 0
HH0681-rgb_2017_3_18_22_0_0 765 -0.7572871339438961 0.8954815654111783 -0.412290297617345 -2.0276872680174653 2.327431901771137 -1.1190739271537764 1.3879428618015996 0
HH0681-rgb_2017_3_18_22_0_0 1490 -1.4128460280568351 0.6069771460635663 -0.2867915750639244 -0.22084731804845345 -0.006746179425423586 -0.45276035046729207 -1.7597232557919416 0
HH0681-rgb_2017_3_18_22_0_0 1490 nan nan nan nan nan nan nan 0
HH0681-rgb_2017_3_18_22_0_0 1645 1.0581067266765507 1.1479229323403388 -0.34098420525744694 -0.9974715070702217 -2.3409242606219847 -0.11960356212404996 2.119958237986144 1
HH0681-rgb_2017_3_18_22_0_0 1645 -0.10172823983095698 2.806823343589108 -0.7574117846392515 -2.4397735723963625 -0.6433402015699402 -1.6188091096686394 -2.125730943884214 0
HH0681-rgb_2017_3_18_22_0_0 215 -0.8581423484228098 -1.0519232651852028 -2.186385875531608 -0.9023746675981684 2.5396299091526426 -0.6193387446389131 0.5827259479986008 0
HH0681-rgb_2017_3_18_22_0_0 215 nan nan nan nan nan nan nan 0
HH0681-rgb_2017_3_18_22_0_0 215 1.4110999773527486 0.17422051704214828 0.902594045499175 0.01689478063167969 3.1762239312971596 1.2130235912489185 0.10691595347864681 2
HH0681-rgb_2017_3_18_22_0_0 2370 0.6546858687608959 0.3184727267159543 0.8056177598897136 0.2070884595757862 -0.006746179425423586 0.7132884087340554 -0.0028863529490348577 2
HH0681-rgb_2017_3_18_22_0_0 1725 nan nan nan nan nan nan nan 0
HH0681-rgb_2017_3_18_22_0_0 1725 -1.7154116714935763 -0.5109774789084303 -3.047763471239177 -1.1401167662783016 -0.8555382089514458 0.8798668029056764 -0.40549480985053427 0
HH0681-rgb_2017_3_18_22_0_0 2210 0.7051134760003527 0.21028356946059978 0.7999132725009218 0.15954003983975956 -1.0677362163329513 0.3801316203908132 0.10691595347864681 2
HH0681-rgb_2017_3_18_22_0_0 375 -0.6060043122255255 -0.5470405313268817 -2.8452541689370663 -1.1876651860143281 -1.4921322310959624 0.3801316203908132 -1.2107117236535332 1
HH0681-rgb_2017_3_18_22_0_0 375 1.2093895483949213 0.17422051704214828 0.902594045499175 -0.030653639104346937 2.327431901771137 2.545650744621887 0.948733636090873 2
HH0681-rgb_2017_3_18_22_0_0 1080 2.1170864787051444 4.177219335490265 -0.11565695340016909 -1.2352136057503549 0.4176498353375875 -0.11960356212404996 1.6807490122754174 2
HH0681-rgb_2017_3_18_22_0_0 1255 3.1760662307337384 3.81658881130575 -0.25256465073117335 -1.4571062311851457 1.478639872245115 -1.4522307154970184 -2.0891301750749864 2
HH0681-rgb_2017_3_18_22_0_0 605 -0.4042938832676981 -0.6912927410006877 -2.7254599337724374 -1.1876651860143281 -0.8555382089514458 -1.2856523213253974 -2.272134019121123 1
HH0681-rgb_2017_3_18_22_0_0 605 1.612810406310576 0.17422051704214828 0.9111507765823628 0.06444320036770632 3.1762239312971596 0.21355322621919218 -0.11268865937671653 2
HH0681-rgb_2017_3_18_22_0_0 610 -1.0094251701411803 -0.8355449506744937 -2.645597110329352 -1.1876651860143281 0.20545182795608197 1.0464451970772974 0.21671825990632848 0
HH0681-rgb_2017_3_18_22_0_0 610 1.4110999773527486 0.17422051704214828 0.9111507765823628 0.01689478063167969 2.1152338943896316 1.2130235912489185 0.7657297920447369 2
HH0681-rgb_2017_3_18_22_0_0 1240 nan nan nan nan nan nan nan 0
HH0681-rgb_2017_3_18_22_0_0 1095 nan nan nan nan nan nan nan 0
HH0681-rgb_2017_3_18_22_0_0 2205 0.7051134760003527 0.21028356946059978 0.7999132725009218 0.2070884595757862 -0.43114219418843464 -0.45276035046729207 0.6559274856170552 2
HH0681-rgb_2017_3_18_22_0_0 360 1.310244762873835 0.17422051704214828 0.902594045499175 -0.030653639104346937 1.903035887008126 1.8793371679354027 -0.18589019699517098 2
HH0681-rgb_2017_3_18_22_0_0 1730 0.251265010845241 2.4101297669861417 -0.2782348439807366 -3.5492366995703173 1.903035887008126 -0.11960356212404996 -0.6617001915151248 0
HH0681-rgb_2017_3_18_22_0_0 1730 -1.1607079918595509 -0.4749144264899787 -3.0249455216840095 -1.2193641325050126 -0.6433402015699402 -1.1190739271537764 1.607547474656963 0
HH0681-rgb_2017_3_18_22_0_0 200 -0.7572871339438961 -1.0519232651852028 -2.177829144448421 -0.9023746675981684 1.2664418648636095 -0.11960356212404996 0.3631213351432374 1
HH0681-rgb_2017_3_18_22_0_0 200 nan nan nan nan nan nan nan 0
HH0681-rgb_2017_3_18_22_0_0 200 1.7136656207894898 0.3545357791344058 0.8968895581103832 0.01689478063167969 3.388421938678665 0.7132884087340554 0.21671825990632848 2
HH0681-rgb_2017_3_18_22_0_0 2365 0.7051134760003527 0.21028356946059978 0.8084700035841096 0.2070884595757862 -0.8555382089514458 0.8798668029056764 0.033714415860192366 2
HH0681-rgb_2017_3_18_22_0_0 1650 1.259817155634378 1.0757968275034357 -0.2810870876751326 -1.0450199268062483 -2.55312226800349 0.5467100145624343 2.5591674636968706 1
HH0681-rgb_2017_3_18_22_0_0 1650 nan nan nan nan nan nan nan 0
HH0681-rgb_2017_3_18_22_0_0 1485 -1.2615632063384645 0.9676076702480813 -0.2867915750639244 -0.189148371557769 0.4176498353375875 -1.9519658980118817 -1.832924793410396 0
HH0681-rgb_2017_3_18_22_0_0 770 -0.5051490977466118 -0.6552296885822362 -2.6513015977181436 -1.1401167662783016 1.478639872245115 -0.6193387446389131 -1.8695255622196232 0
HH0681-rgb_2017_3_18_22_0_0 770 -2.3205429583670587 -0.07822084988701222 -2.9850141099624663 -1.393708338203777 -0.6433402015699402 0.3801316203908132 0.5461251791893735 0
HH0681-rgb_2017_3_18_22_0_0 770 -0.7068595267044392 0.6069771460635663 -0.338131961563051 -2.170332527225545 -0.43114219418843464 0.3801316203908132 -2.6015409384041677 0
HH0681-rgb_2017_3_18_22_0_0 980 6.655571130256261 5.6197414322283255 -0.8914672382758598 -2.1227841074895184 0.4176498353375875 0.21355322621919218 -1.9061263310288503 2
HH0681-rgb_2017_3_18_22_0_0 1320 -1.5641288497752057 0.4627249363897603 -0.2611213818143611 -0.4110409969925599 1.478639872245115 -0.7859171388105343 -2.125730943884214 0
HH0681-rgb_2017_3_18_22_0_0 755 -0.807714741183353 -0.5109774789084303 -2.679824034662103 -1.1401167662783016 0.20545182795608197 -0.9524955329821553 -2.125730943884214 0
HH0681-rgb_2017_3_18_22_0_0 755 -1.0094251701411803 0.5709140936451148 -0.48930087736603484 -1.552203070657199 -1.704330238477468 -0.6193387446389131 0.6193267168078279 0
HH0681-rgb_2017_3_18_22_0_0 1305 -1.7154116714935763 1.1118598799218873 -0.7460028098616678 0.06444320036770632 -0.006746179425423586 -0.7859171388105343 1.4245436306108268 0
HH0681-rgb_2017_3_18_22_0_0 2195 0.6546858687608959 0.21028356946059978 0.7999132725009218 0.2070884595757862 -0.43114219418843464 -0.7859171388105343 -0.25909173461362545 2
HH0681-rgb_2017_3_18_22_0_0 2340 0.7051134760003527 0.06603135978679378 0.8056177598897136 0.11199162010373294 -0.8555382089514458 0.8798668029056764 0.2899197975247829 2
HH0681-rgb_2017_3_18_22_0_0 1885 4.789749662396358 1.8331209282909173 1.4901562465447349 -2.106934634244176 -1.9165282458589736 -0.9524955329821553 0.7657297920447369 2
HH0681-rgb_2017_3_18_22_0_0 1885 -0.45472149050715494 -0.5470405313268817 -2.7710958328827724 -1.409557811449119 -0.006746179425423586 2.379072350450266 -0.6617001915151248 1
HH0681-rgb_2017_3_18_22_0_0 225 -1.0094251701411803 -0.9076710555113967 -2.200647094003588 -0.9023746675981684 -0.006746179425423586 -1.1190739271537764 1.8271520875123264 0
HH0681-rgb_2017_3_18_22_0_0 225 1.4110999773527486 0.17422051704214828 0.902594045499175 0.06444320036770632 2.5396299091526426 0.8798668029056764 0.32652056633401016 2
HH0681-rgb_2017_3_18_22_0_0 1675 nan nan nan nan nan nan nan 0
HH0681-rgb_2017_3_18_22_0_0 580 -0.8581423484228098 -0.1503469547239152 -2.8452541689370663 -1.0450199268062483 1.054243857482104 -1.4522307154970184 -0.844704035561261 0
HH0681-rgb_2017_3_18_22_0_0 580 1.7136656207894898 -0.07822084988701222 0.8911850707215914 0.11199162010373294 3.6006199460601707 0.8798668029056764 0.3631213351432374 2
HH0681-rgb_2017_3_18_22_0_0 345 1.7136656207894898 -0.07822084988701222 0.8911850707215914 0.06444320036770632 3.388421938678665 0.5467100145624343 0.7657297920447369 2
HH0681-rgb_2017_3_18_22_0_0 2220 0.7051134760003527 0.3184727267159543 0.8056177598897136 0.2070884595757862 -0.21894418680692912 -1.1190739271537764 -0.18589019699517098 2
HH0681-rgb_2017_3_18_22_0_0 1715 nan nan nan nan nan nan nan 0
HH0681-rgb_2017_3_18_22_0_0 1715 nan nan nan nan nan nan nan 0
HH0681-rgb_2017_3_18_22_0_0 635 -0.7068595267044392 -1.1601124224405572 -2.676971790967707 -1.0925683465422749 1.478639872245115 -0.6193387446389131 -0.18589019699517098 0
HH0681-rgb_2017_3_18_22_0_0 635 1.612810406310576 -0.00609474505010922 0.8940373144159872 0.01689478063167969 2.327431901771137 -0.11960356212404996 0.5095244103801463 2
HH0681-rgb_2017_3_18_22_0_0 1265 0.5034030470425253 1.0397337750849842 -0.2097809953152345 -1.2352136057503549 -0.6433402015699402 -0.6193387446389131 0.5461251791893735 1
HH0681-rgb_2017_3_18_22_0_0 190 nan nan nan nan nan nan nan 0
HH0681-rgb_2017_3_18_22_0_0 190 1.4110999773527486 0.4627249363897603 0.902594045499175 0.01689478063167969 1.6908378796266206 2.379072350450266 -0.18589019699517098 2
HH0681-rgb_2017_3_18_22_0_0 185 nan nan nan nan nan nan nan 0
HH0681-rgb_2017_3_18_22_0_0 185 1.7136656207894898 0.3545357791344058 0.8968895581103832 0.01689478063167969 3.388421938678665 0.7132884087340554 0.43632287276169185 2
HH0681-rgb_2017_3_18_22_0_0 1270 -1.6145564570146627 0.9676076702480813 -0.6461742805578106 -0.28424521102982225 -0.8555382089514458 -1.1190739271537764 1.3513420929923725 0
HH0681-rgb_2017_3_18_22_0_0 620 -1.0598527773806372 -0.7994818982560422 -2.679824034662103 -1.1876651860143281 -0.006746179425423586 2.045915562107024 -0.4420955786597615 0
HH0681-rgb_2017_3_18_22_0_0 620 1.612810406310576 0.3545357791344058 0.905446289193571 0.01689478063167969 3.1762239312971596 0.7132884087340554 -0.11268865937671653 2
HH0681-rgb_2017_3_18_22_0_0 1700 nan nan nan nan nan nan nan 0
HH0681-rgb_2017_3_18_22_0_0 1700 nan nan nan nan nan nan nan 0
HH0681-rgb_2017_3_18_22_0_0 350 1.4110999773527486 0.17422051704214828 0.902594045499175 0.01689478063167969 3.6006199460601707 1.3796019854205397 0.3997221039524646 2
HH0681-rgb_2017_3_18_22_0_0 2235 0.7051134760003527 0.21028356946059978 0.7999132725009218 0.2070884595757862 -1.0677362163329513 -0.6193387446389131 -0.0760878905674893 2
HH0681-rgb_2017_3_18_22_0_0 595 -0.20258345430987068 -0.5109774789084303 -2.7910615387435436 -1.1401167662783016 0.20545182795608197 0.8798668029056764 0.10691595347864681 1
HH0681-rgb_2017_3_18_22_0_0 595 1.3606723701132917 0.3184727267159543 0.9140030202767587 0.06444320036770632 1.478639872245115 2.545650744621887 -0.4786963474689887 2
HH0681-rgb_2017_3_18_22_0_0 1660 -0.8581423484228098 1.9413100855462717 -0.5064143395324103 -2.0752356877534917 -0.006746179425423586 -1.1190739271537764 0.43632287276169185 0
HH0681-rgb_2017_3_18_22_0_0 1660 nan nan nan nan nan nan nan 0
HH0681-rgb_2017_3_18_22_0_0 2355 1.0581067266765507 0.3184727267159543 0.8056177598897136 0.2070884595757862 -1.2799342237144569 0.7132884087340554 0.18011749109710126 2
HH0681-rgb_2017_3_18_22_0_0 230 -0.8581423484228098 -0.9797971603482998 -2.197794850309192 -0.9023746675981684 2.1152338943896316 -0.11960356212404996 -0.0028863529490348577 0
HH0681-rgb_2017_3_18_22_0_0 230 -1.866694493211947 -0.2945991643977212 -2.668415059884519 -1.1876651860143281 -0.21894418680692912 -1.2856523213253974 1.4977451682292813 0
HH0681-rgb_2017_3_18_22_0_0 230 1.1085343339160074 0.17422051704214828 0.902594045499175 0.01689478063167969 2.5396299091526426 0.8798668029056764 0.7657297920447369 2
HH0681-rgb_2017_3_18_22_0_0 1890 3.075211016254825 3.09532776293672 1.3475440618249388 -4.008871423685242 -1.2799342237144569 -0.6193387446389131 2.266361313223053 2
HH0681-rgb_2017_3_18_22_0_0 1890 -1.7658392787330333 -0.43885137407152724 -2.6855285220508947 -1.2669125522410392 0.20545182795608197 1.2130235912489185 -0.6617001915151248 0
HH0681-rgb_2017_3_18_22_0_0 2180 0.6546858687608959 0.21028356946059978 0.7999132725009218 0.2070884595757862 -0.006746179425423586 -1.7853875038402607 -0.2224909658043982 2
HH0681-rgb_2017_3_18_22_0_0 1310 nan nan nan nan nan nan nan 0
HH0681-rgb_2017_3_18_22_0_0 740 nan nan nan nan nan nan nan 0
HH0681-rgb_2017_3_18_22_0_0 740 -0.9085699556622666 1.003670722666533 0.11252254215150466 -3.168849341682104 -0.43114219418843464 -1.6188091096686394 -0.4786963474689887 0
HH0681-rgb_2017_3_18_22_0_0 2155 0.7555410832398095 0.21028356946059978 0.7999132725009218 0.11199162010373294 -0.43114219418843464 0.8798668029056764 0.5827259479986008 2
HH0681-rgb_2017_3_18_22_0_0 30 0.5538306542819821 1.7249317710355627 1.4388158600456082 -4.611151407008245 -0.006746179425423586 0.0469748320475711 -1.5401186429365783 0
HH0681-rgb_2017_3_18_22_0_0 30 3.1760662307337384 2.806823343589108 -1.909718237175204 -4.801345085952351 -0.43114219418843464 0.0469748320475711 0.033714415860192366 2
HH0681-rgb_2017_3_18_22_0_0 30 1.1085343339160074 0.3545357791344058 0.8968895581103832 -0.12575047857640018 0.20545182795608197 1.7127587737637817 -1.3571147988904422 2
HH0681-rgb_2017_3_18_22_0_0 1460 -1.2615632063384645 0.4987879888082118 -0.3267229867854673 -0.3951915237472177 -0.21894418680692912 -0.6193387446389131 -1.8695255622196232 0
HH0681-rgb_2017_3_18_22_0_0 795 -0.7068595267044392 -0.6552296885822362 -2.642744866634956 -1.2352136057503549 -0.6433402015699402 1.7127587737637817 -1.2473124924627603 0
HH0681-rgb_2017_3_18_22_0_0 965 nan nan nan nan nan nan nan 0
HH0681-rgb_2017_3_18_22_0_0 540 -0.5051490977466118 -0.8355449506744937 -2.745425639633209 -1.1876651860143281 -0.21894418680692912 0.3801316203908132 -1.5767194117458054 1
HH0681-rgb_2017_3_18_22_0_0 540 1.3606723701132917 0.17422051704214828 0.9111507765823628 0.06444320036770632 1.903035887008126 0.8798668029056764 0.3997221039524646 2
HH0681-rgb_2017_3_18_22_0_0 1845 3.2264938379731953 1.220049037177242 1.050910717607763 -4.5319040407815345 0.4176498353375875 -0.286181956295671 1.8271520875123264 2
HH0681-rgb_2017_3_18_22_0_0 1845 -1.6145564570146627 -0.5109774789084303 -2.965048404101695 -1.2352136057503549 -0.6433402015699402 -0.11960356212404996 1.9735551627492351 0
HH0681-rgb_2017_3_18_22_0_0 2380 0.6546858687608959 0.21028356946059978 0.7999132725009218 0.2070884595757862 -0.006746179425423586 1.3796019854205397 0.6559274856170552 2
HH0681-rgb_2017_3_18_22_0_0 420 -0.7068595267044392 -0.18641000714236672 -2.8252884630762947 -1.0450199268062483 -1.2799342237144569 -2.784857868869987 -0.9911071107981698 0
HH0681-rgb_2017_3_18_22_0_0 420 1.4615275845922056 0.17422051704214828 0.902594045499175 -0.014804165859004728 2.327431901771137 1.0464451970772974 0.4729236415709191 2
HH0681-rgb_2017_3_18_22_0_0 1070 -0.6564319194649824 1.6167426137802083 -0.5121188269212023 1.6493905249019272 -0.006746179425423586 0.3801316203908132 -2.3087347879303497 0
HH0681-rgb_2017_3_18_22_0_0 1070 2.4196521221418856 4.177219335490265 -0.08143002906741803 -1.2352136057503549 -0.006746179425423586 0.0469748320475711 2.0101559315584625 2
HH0681-rgb_2017_3_18_22_0_0 1925 nan nan nan nan nan nan nan 0
HH0681-rgb_2017_3_18_22_0_0 1925 0.4529754398030684 -0.18641000714236672 -2.3575204971953636 -1.0925683465422749 -0.006746179425423586 -0.11960356212404996 -1.5767194117458054 2
HH0681-rgb_2017_3_18_22_0_0 385 -0.6564319194649824 -0.6191666361637848 -2.6883807657452907 -1.1401167662783016 -0.006746179425423586 -0.45276035046729207 -2.125730943884214 0
HH0681-rgb_2017_3_18_22_0_0 385 1.7136656207894898 0.4627249363897603 0.902594045499175 0.06444320036770632 2.1152338943896316 1.7127587737637817 -0.18589019699517098 2
HH0681-rgb_2017_3_18_22_0_0 150 1.4110999773527486 0.3545357791344058 0.8968895581103832 -0.030653639104346937 0.8420458501005986 2.878807532965129 0.14351672228787404 2
HH0681-rgb_2017_3_18_22_0_0 2035 0.8059686904792663 0.21028356946059978 0.7999132725009218 0.01689478063167969 -0.6433402015699402 1.8793371679354027 0.14351672228787404 2
HH0681-rgb_2017_3_18_22_0_0 1500 -1.5137012425357488 0.6069771460635663 -0.29534830614711216 -0.1415999518217424 1.478639872245115 -0.7859171388105343 -2.345335556739577 0
HH0681-rgb_2017_3_18_22_0_0 805 -0.7068595267044392 -0.5470405313268817 -2.788209295049148 -1.330310445222408 -0.6433402015699402 -1.7853875038402607 -1.2839132612719877 0
HH0681-rgb_2017_3_18_22_0_0 1515 -1.3119908135779215 1.0757968275034357 -0.3210184993966755 -0.12575047857640018 0.629847842719093 -1.1190739271537764 -1.64992094936426 0
HH0681-rgb_2017_3_18_22_0_0 145 nan nan nan nan nan nan nan 0
HH0681-rgb_2017_3_18_22_0_0 145 1.1085343339160074 0.3545357791344058 0.8968895581103832 -0.030653639104346937 0.8420458501005986 2.712229138793508 -0.0760878905674893 2
HH0681-rgb_2017_3_18_22_0_0 2020 0.5034030470425253 0.06603135978679378 0.7970610288065259 0.06444320036770632 0.20545182795608197 0.21355322621919218 -0.29569250342285264 2
HH0681-rgb_2017_3_18_22_0_0 390 -0.7068595267044392 -0.6912927410006877 -2.699789740522874 -1.2352136057503549 0.629847842719093 1.3796019854205397 -1.3937155676996693 0
HH0681-rgb_2017_3_18_22_0_0 390 1.4615275845922056 0.3545357791344058 0.905446289193571 -0.014804165859004728 1.6908378796266206 1.7127587737637817 -0.3688940410413071 2
HH0681-rgb_2017_3_18_22_0_0 1930 nan nan nan nan nan nan nan 0
HH0681-rgb_2017_3_18_22_0_0 1930 -1.0598527773806372 -1.4486168417881693 -2.374633959361739 -1.1401167662783016 0.20545182795608197 0.21355322621919218 -0.515297116278216 1
HH0681-rgb_2017_3_18_22_0_0 1065 2.318796907662972 4.213282387908716 -0.08998676015060579 -1.2352136057503549 -0.006746179425423586 0.0469748320475711 1.5343459370385086 2
HH0681-rgb_2017_3_18_22_0_0 435 -0.3034386687887844 -0.5470405313268817 -2.788209295049148 -1.1401167662783016 0.629847842719093 1.3796019854205397 -2.345335556739577 2
HH0681-rgb_2017_3_18_22_0_0 435 1.5119551918316623 0.3545357791344058 0.905446289193571 -0.07820205884037357 2.5396299091526426 0.8798668029056764 0.07031518466941959 2
HH0681-rgb_2017_3_18_22_0_0 1850 3.2264938379731953 1.220049037177242 1.050910717607763 -4.484355621045507 0.4176498353375875 -0.286181956295671 1.8271520875123264 2
HH0681-rgb_2017_3_18_22_0_0 1850 -1.3119908135779215 -0.07822084988701222 -2.930821479768944 -1.1876651860143281 -0.6433402015699402 0.0469748320475711 1.6807490122754174 0
HH0681-rgb_2017_3_18_22_0_0 2395 0.7555410832398095 0.21028356946059978 0.8084700035841096 0.25463687931181284 -0.43114219418843464 2.045915562107024 -0.03948712175826208 2
HH0681-rgb_2017_3_18_22_0_0 555 -1.4128460280568351 0.1381574646236968 -2.8595153874090458 -0.9499230873341951 -0.43114219418843464 -2.1185442921835027 -2.0525294062657595 0
HH0681-rgb_2017_3_18_22_0_0 555 1.7136656207894898 -0.07822084988701222 0.8911850707215914 0.11199162010373294 2.5396299091526426 0.0469748320475711 0.18011749109710126 2
HH0681-rgb_2017_3_18_22_0_0 970 nan nan nan nan nan nan nan 0
HH0681-rgb_2017_3_18_22_0_0 780 -0.807714741183353 -0.5470405313268817 -2.645597110329352 -1.1876651860143281 0.20545182795608197 -0.6193387446389131 -2.6015409384041677 0
HH0681-rgb_2017_3_18_22_0_0 780 -1.1607079918595509 1.3643012468510478 -0.48930087736603484 -1.108417819787617 -1.2799342237144569 -2.6182794746983657 0.033714415860192366 0
HH0681-rgb_2017_3_18_22_0_0 1475 -1.1102803846200942 1.5446165089433053 -0.3124617683134877 -0.26839573778448006 -0.6433402015699402 -2.2851226863551237 -2.4185370943580313 0
HH0681-rgb_2017_3_18_22_0_0 2140 0.7555410832398095 0.21028356946059978 0.7999132725009218 0.11199162010373294 -0.43114219418843464 0.7132884087340554 0.07031518466941959 2
HH0681-rgb_2017_3_18_22_0_0 25 -0.05130063259150013 2.0855622952200776 1.1564437343004121 -4.579452460517561 0.20545182795608197 0.0469748320475711 -2.015928637456532 0
HH0681-rgb_2017_3_18_22_0_0 25 2.923928194536454 2.518318924241496 -2.2034993376979837 -4.627000880253587 -1.2799342237144569 0.0469748320475711 -1.2107117236535332 2
HH0681-rgb_2017_3_18_22_0_0 1465 -1.4128460280568351 0.7872924081558238 -0.3295752304798632 -0.3000946842751645 1.054243857482104 -1.7853875038402607 -2.272134019121123 0
HH0681-rgb_2017_3_18_22_0_0 2150 0.251265010845241 0.21028356946059978 0.7999132725009218 0.2070884595757862 0.8420458501005986 -2.784857868869987 -0.25909173461362545 2
HH0681-rgb_2017_3_18_22_0_0 35 1.612810406310576 1.8331209282909173 1.9008793385377476 -4.943990345160431 -1.0677362163329513 -0.45276035046729207 -1.9427270998380777 2
HH0681-rgb_2017_3_18_22_0_0 35 1.4615275845922056 3.1674538677736233 -1.6729820105403423 -5.260979810067275 0.629847842719093 1.0464451970772974 -1.4303163365088964 0
HH0681-rgb_2017_3_18_22_0_0 35 1.5119551918316623 0.17422051704214828 0.902594045499175 -0.07820205884037357 3.388421938678665 1.7127587737637817 0.2533190287155557 2
HH0681-rgb_2017_3_18_22_0_0 960 nan nan nan nan nan nan nan 0
HH0681-rgb_2017_3_18_22_0_0 790 -0.9085699556622666 -0.7994818982560422 -2.6627105724957274 -1.1401167662783016 0.4176498353375875 -0.9524955329821553 -2.198932481502668 0
HH0681-rgb_2017_3_18_22_0_0 790 -1.1102803846200942 0.6430401984820178 -0.46363068411647157 -0.12575047857640018 -1.9165282458589736 -2.4517010805267447 -1.3937155676996693 0
HH0681-rgb_2017_3_18_22_0_0 545 -0.6060043122255255 -0.36672526923462423 -2.77965256396596 -1.1876651860143281 -0.006746179425423586 0.3801316203908132 0.14351672228787404 0
HH0681-rgb_2017_3_18_22_0_0 545 1.7136656207894898 0.3545357791344058 0.905446289193571 0.01689478063167969 2.9640259239156537 1.7127587737637817 -0.11268865937671653 2
HH0681-rgb_2017_3_18_22_0_0 1840 2.873500587296997 1.1118598799218873 1.0566152049965547 -4.563602987272218 -0.006746179425423586 -0.45276035046729207 1.3879428618015996 2
HH0681-rgb_2017_3_18_22_0_0 2385 0.7051134760003527 0.21028356946059978 0.7999132725009218 0.15954003983975956 -0.43114219418843464 0.3801316203908132 0.033714415860192366 2
HH0681-rgb_2017_3_18_22_0_0 1075 -0.5555767049860687 1.6888687186171114 -0.52067555800439 1.6493905249019272 0.8420458501005986 0.3801316203908132 -2.5283394007857134 0
HH0681-rgb_2017_3_18_22_0_0 1075 nan nan nan nan nan nan nan 0
HH0681-rgb_2017_3_18_22_0_0 425 -0.7572871339438961 -0.5470405313268817 -2.822436219381899 -1.0925683465422749 -0.8555382089514458 2.379072350450266 1.2049390177554635 1
HH0681-rgb_2017_3_18_22_0_0 425 1.2093895483949213 0.17422051704214828 0.902594045499175 0.01689478063167969 1.6908378796266206 2.212493956278645 0.8755320984724185 2
HH0681-rgb_2017_3_18_22_0_0 380 -0.6060043122255255 -0.6191666361637848 -2.7397211522444174 -1.2352136057503549 -0.006746179425423586 0.8798668029056764 -2.491738631976486 0
HH0681-rgb_2017_3_18_22_0_0 380 1.1085343339160074 0.17422051704214828 0.902594045499175 0.11199162010373294 -0.006746179425423586 2.045915562107024 0.3631213351432374 2
HH0681-rgb_2017_3_18_22_0_0 1920 nan nan nan nan nan nan nan 0
HH0681-rgb_2017_3_18_22_0_0 1920 0.6042582615214389 0.10209441220524529 -2.3575204971953636 -1.0925683465422749 -0.006746179425423586 -0.7859171388105343 -1.9427270998380777 2
HH0681-rgb_2017_3_18_22_0_0 1505 -1.4128460280568351 0.8233554605742753 -0.3124617683134877 -0.12575047857640018 0.8420458501005986 -0.7859171388105343 -2.015928637456532 0
HH0681-rgb_2017_3_18_22_0_0 155 -1.4128460280568351 -0.43885137407152724 -2.6598583288013313 -1.2827620254863814 1.054243857482104 -0.9524955329821553 -0.0028863529490348577 0
HH0681-rgb_2017_3_18_22_0_0 155 1.2093895483949213 0.17422051704214828 0.902594045499175 -0.030653639104346937 1.478639872245115 2.712229138793508 0.6193267168078279 2
HH0681-rgb_2017_3_18_22_0_0 2030 0.8059686904792663 0.21028356946059978 0.7999132725009218 -0.030653639104346937 0.4176498353375875 1.8793371679354027 0.2899197975247829 2
HH0681-rgb_2017_3_18_22_0_0 800 nan nan nan nan nan nan nan 0
HH0681-rgb_2017_3_18_22_0_0 815 -0.7068595267044392 -0.11428390230546372 -2.6969374968284785 -1.2827620254863814 -1.9165282458589736 -2.784857868869987 -1.1375101860350787 0
HH0681-rgb_2017_3_18_22_0_0 140 nan nan nan nan nan nan nan 0
HH0681-rgb_2017_3_18_22_0_0 140 -1.4128460280568351 -0.9437341079298482 -0.47218741519965934 -1.8850420088093853 -1.2799342237144569 -1.7853875038402607 2.4859659260784164 0
HH0681-rgb_2017_3_18_22_0_0 140 0.8563962977187233 0.17422051704214828 0.902594045499175 -0.014804165859004728 -0.006746179425423586 3.378542715479992 -0.11268865937671653 2
HH0681-rgb_2017_3_18_22_0_0 2025 0.5034030470425253 0.06603135978679378 0.7970610288065259 0.06444320036770632 -0.006746179425423586 1.7127587737637817 0.5095244103801463 2
HH0681-rgb_2017_3_18_22_0_0 1510 -1.6649840642541194 0.7151663033189208 -0.3124617683134877 -0.09405153208571577 1.054243857482104 -0.9524955329821553 -2.0891301750749864 0
HH0681-rgb_2017_3_18_22_0_0 1935 nan nan nan nan nan nan nan 0
HH0681-rgb_2017_3_18_22_0_0 1935 -1.0598527773806372 -1.3043646321143632 -2.3888951778337186 -1.1401167662783016 -0.006746179425423586 1.2130235912489185 -1.3937155676996693 1
HH0681-rgb_2017_3_18_22_0_0 395 -0.7068595267044392 -0.6552296885822362 -2.7511301270220008 -1.2352136057503549 0.8420458501005986 1.8793371679354027 -1.3205140300812148 0
HH0681-rgb_2017_3_18_22_0_0 395 1.7136656207894898 0.17422051704214828 0.902594045499175 0.11199162010373294 2.9640259239156537 1.0464451970772974 0.2533190287155557 2
HH0681-rgb_2017_3_18_22_0_0 430 -0.7068595267044392 -0.9076710555113967 -2.808175000909919 -1.1401167662783016 -0.006746179425423586 0.3801316203908132 -0.29569250342285264 1
HH0681-rgb_2017_3_18_22_0_0 430 1.4615275845922056 0.17422051704214828 0.902594045499175 -0.014804165859004728 2.1152338943896316 1.8793371679354027 0.802330560853964 2
HH0681-rgb_2017_3_18_22_0_0 1060 -0.5555767049860687 1.8331209282909173 -0.4950053647548267 1.6018421051659004 -0.006746179425423586 0.0469748320475711 -0.8813048043704882 0
HH0681-rgb_2017_3_18_22_0_0 1060 2.1170864787051444 3.9969040733980075 -0.08998676015060579 -1.2352136057503549 -0.006746179425423586 -0.6193387446389131 1.3513420929923725 2
HH0681-rgb_2017_3_18_22_0_0 1855 2.923928194536454 1.1118598799218873 1.0737286671629303 -4.484355621045507 0.20545182795608197 -0.286181956295671 1.753950549893872 2
HH0681-rgb_2017_3_18_22_0_0 1855 -0.10172823983095698 0.06603135978679378 -2.8766288495754213 -1.2827620254863814 -0.6433402015699402 1.7127587737637817 2.04675670036769 1
HH0681-rgb_2017_3_18_22_0_0 2390 1.0581067266765507 0.3184727267159543 0.8056177598897136 0.2070884595757862 -0.6433402015699402 1.2130235912489185 0.033714415860192366 2
HH0681-rgb_2017_3_18_22_0_0 550 -1.5137012425357488 0.1381574646236968 -2.8595153874090458 -0.9657725605795372 0.20545182795608197 -1.2856523213253974 -1.7963240246011687 0
HH0681-rgb_2017_3_18_22_0_0 550 1.7136656207894898 0.4627249363897603 0.9111507765823628 0.01689478063167969 2.9640259239156537 0.8798668029056764 -0.5518978850874432 2
HH0681-rgb_2017_3_18_22_0_0 1100 nan nan nan nan nan nan nan 0
HH0681-rgb_2017_3_18_22_0_0 1100 nan nan nan nan nan nan nan 0
HH0681-rgb_2017_3_18_22_0_0 785 -0.6564319194649824 -0.5831035837453332 -2.6570060851069353 -1.1876651860143281 0.4176498353375875 0.7132884087340554 -1.7963240246011687 0
HH0681-rgb_2017_3_18_22_0_0 785 -1.6649840642541194 1.1479229323403388 -0.39802907914536534 0.08029267361304852 -1.4921322310959624 -0.9524955329821553 1.0585359425185545 0
HH0681-rgb_2017_3_18_22_0_0 975 nan nan nan nan nan nan nan 0
HH0681-rgb_2017_3_18_22_0_0 2145 0.7051134760003527 0.21028356946059978 0.7999132725009218 0.15954003983975956 -0.43114219418843464 -0.45276035046729207 -0.14928942818594376 2
HH0681-rgb_2017_3_18_22_0_0 20 0.20083740360578414 2.0855622952200776 0.6630055751699175 -4.833044032443036 -0.21894418680692912 0.7132884087340554 -1.174110954844306 0
HH0681-rgb_2017_3_18_22_0_0 20 0.3521202253241547 -0.04215779746856072 0.8854805833327994 -0.1574494250670846 0.8420458501005986 2.712229138793508 0.5095244103801463 2
HH0681-rgb_2017_3_18_22_0_0 1470 -0.8581423484228098 1.2561120895956932 -0.3124617683134877 -0.3159441575205067 1.054243857482104 -1.4522307154970184 -1.7963240246011687 0
HH0681-rgb_2017_3_18_22_0_0 1300 -1.6649840642541194 0.9676076702480813 -0.7460028098616678 0.08029267361304852 -1.2799342237144569 -0.7859171388105343 1.607547474656963 0
HH0681-rgb_2017_3_18_22_0_0 750 -0.7068595267044392 -0.18641000714236672 -2.6826762783564986 -1.0925683465422749 -0.43114219418843464 -0.11960356212404996 -1.7231224869827144 0
HH0681-rgb_2017_3_18_22_0_0 750 -1.1607079918595509 0.7872924081558238 -0.3552454237294265 -2.3605262061696517 -0.21894418680692912 -0.7859171388105343 -2.125730943884214 0
HH0681-rgb_2017_3_18_22_0_0 2190 0.7051134760003527 0.21028356946059978 0.7999132725009218 0.2070884595757862 -0.6433402015699402 -0.6193387446389131 -0.18589019699517098 2
HH0681-rgb_2017_3_18_22_0_0 1670 -0.6564319194649824 0.21028356946059978 -0.7317415913896882 -3.454139860098264 -1.704330238477468 -1.7853875038402607 0.948733636090873 0
HH0681-rgb_2017_3_18_22_0_0 1670 nan nan nan nan nan nan nan 0
HH0681-rgb_2017_3_18_22_0_0 2345 1.1085343339160074 0.21028356946059978 0.7999132725009218 0.15954003983975956 -0.43114219418843464 1.0464451970772974 0.6193267168078279 2
HH0681-rgb_2017_3_18_22_0_0 220 -0.9589975629017234 -0.9797971603482998 -2.197794850309192 -0.9023746675981684 1.2664418648636095 -0.286181956295671 0.32652056633401016 0
HH0681-rgb_2017_3_18_22_0_0 220 1.7136656207894898 0.3545357791344058 0.8968895581103832 0.01689478063167969 3.388421938678665 0.5467100145624343 0.43632287276169185 2
HH0681-rgb_2017_3_18_22_0_0 1880 2.1170864787051444 3.09532776293672 1.5814280447654043 -3.9296240574585304 0.8420458501005986 -1.6188091096686394 -1.3571147988904422 2
HH0681-rgb_2017_3_18_22_0_0 1880 -0.7068595267044392 -0.6191666361637848 -2.7397211522444174 -1.3778588649584347 0.4176498353375875 1.7127587737637817 -1.6133201805550326 0
HH0681-rgb_2017_3_18_22_0_0 585 -0.7572871339438961 -0.5470405313268817 -2.822436219381899 -1.0925683465422749 0.20545182795608197 1.7127587737637817 1.607547474656963 0
HH0681-rgb_2017_3_18_22_0_0 585 1.7136656207894898 0.3545357791344058 0.905446289193571 0.06444320036770632 2.751827916534148 1.2130235912489185 -0.33229327223207983 2
HH0681-rgb_2017_3_18_22_0_0 1710 -0.8581423484228098 0.17422051704214828 -0.5121188269212023 -3.2639461811541572 -0.006746179425423586 -1.4522307154970184 1.278140555373918 0
HH0681-rgb_2017_3_18_22_0_0 1710 nan nan nan nan nan nan nan 0
HH0681-rgb_2017_3_18_22_0_0 340 1.7136656207894898 -0.11428390230546372 0.8911850707215914 -0.030653639104346937 2.5396299091526426 0.0469748320475711 0.7291290232355097 2
HH0681-rgb_2017_3_18_22_0_0 2225 0.7051134760003527 0.21028356946059978 0.7999132725009218 0.15954003983975956 -1.0677362163329513 -0.11960356212404996 0.10691595347864681 2
HH0681-rgb_2017_3_18_22_0_0 1260 0.9068239049581801 0.9676076702480813 -0.15273612142731607 -1.3778588649584347 -0.43114219418843464 0.3801316203908132 1.8271520875123264 1
HH0681-rgb_2017_3_18_22_0_0 630 -0.3034386687887844 -0.9437341079298482 -2.668415059884519 -1.1876651860143281 0.629847842719093 0.21355322621919218 -0.3688940410413071 1
HH0681-rgb_2017_3_18_22_0_0 630 1.612810406310576 0.06603135978679378 0.8968895581103832 0.11199162010373294 3.388421938678665 0.5467100145624343 0.14351672228787404 2
HH0681-rgb_2017_3_18_22_0_0 195 -0.7572871339438961 -1.1240493700221057 -2.1521589511988575 -0.9023746675981684 -0.006746179425423586 -0.7859171388105343 0.802330560853964 1
HH0681-rgb_2017_3_18_22_0_0 195 nan nan nan nan nan nan nan 0
HH0681-rgb_2017_3_18_22_0_0 195 1.1085343339160074 0.17422051704214828 0.902594045499175 0.01689478063167969 2.327431901771137 0.8798668029056764 0.6559274856170552 2
HH0681-rgb_2017_3_18_22_0_0 180 nan nan nan nan nan nan nan 0
HH0681-rgb_2017_3_18_22_0_0 180 1.4110999773527486 0.4627249363897603 0.902594045499175 0.06444320036770632 0.8420458501005986 2.545650744621887 -0.4420955786597615 2
HH0681-rgb_2017_3_18_22_0_0 625 -1.0094251701411803 -0.7994818982560422 -2.671267303578915 -1.1876651860143281 -0.006746179425423586 2.545650744621887 0.21671825990632848 0
HH0681-rgb_2017_3_18_22_0_0 625 1.7136656207894898 0.3545357791344058 0.905446289193571 0.01689478063167969 3.388421938678665 1.0464451970772974 -0.25909173461362545 2
HH0681-rgb_2017_3_18_22_0_0 1275 -1.5641288497752057 1.220049037177242 -0.7716730031112311 0.09614214685839073 2.1152338943896316 -0.45276035046729207 0.6925282544262824 0
HH0681-rgb_2017_3_18_22_0_0 355 1.4615275845922056 0.17422051704214828 0.902594045499175 -0.06235258559503135 3.388421938678665 1.3796019854205397 0.3631213351432374 2
HH0681-rgb_2017_3_18_22_0_0 2230 1.0581067266765507 0.3184727267159543 0.8056177598897136 0.2070884595757862 -0.43114219418843464 0.3801316203908132 -0.03948712175826208 2
HH0681-rgb_2017_3_18_22_0_0 1705 nan nan nan nan nan nan nan 0
HH0681-rgb_2017_3_18_22_0_0 1705 nan nan nan nan nan nan nan 0
HH0681-rgb_2017_3_18_22_0_0 590 -0.7068595267044392 -0.18641000714236672 -2.8338451941594824 -1.0925683465422749 -0.8555382089514458 -1.7853875038402607 0.07031518466941959 0
HH0681-rgb_2017_3_18_22_0_0 590 1.612810406310576 0.3545357791344058 0.905446289193571 0.01689478063167969 2.9640259239156537 1.2130235912489185 -0.5884986538966704 2
HH0681-rgb_2017_3_18_22_0_0 2350 1.1085343339160074 0.3184727267159543 0.8056177598897136 0.2070884595757862 -0.006746179425423586 2.212493956278645 0.2899197975247829 2
HH0681-rgb_2017_3_18_22_0_0 1895 1.0076791194370938 2.806823343589108 1.0908421293293058 -4.5319040407815345 -0.6433402015699402 1.7127587737637817 1.753950549893872 0
HH0681-rgb_2017_3_18_22_0_0 1895 -1.9171221004514036 -0.43885137407152724 -2.676971790967707 -1.1876651860143281 0.4176498353375875 0.7132884087340554 -0.0760878905674893 0
HH0681-rgb_2017_3_18_22_0_0 235 -1.463273635296292 -0.6191666361637848 -2.0637393966725837 -0.9023746675981684 -0.43114219418843464 -0.286181956295671 2.1931597756045984 0
HH0681-rgb_2017_3_18_22_0_0 235 -1.81626688597249 -0.22247305956081823 -2.6940852531340824 -1.1401167662783016 1.054243857482104 -0.11960356212404996 0.5827259479986008 0
HH0681-rgb_2017_3_18_22_0_0 235 1.3606723701132917 0.3545357791344058 0.905446289193571 0.0327442538770219 1.478639872245115 1.8793371679354027 -0.6250994227058976 2
HH0681-rgb_2017_3_18_22_0_0 1665 -0.7572871339438961 1.1118598799218873 -0.5948338940586839 -3.089601975455393 -1.2799342237144569 -1.9519658980118817 1.936954393940008 0
HH0681-rgb_2017_3_18_22_0_0 2185 0.7051134760003527 0.21028356946059978 0.7999132725009218 0.11199162010373294 -1.2799342237144569 0.3801316203908132 0.14351672228787404 2
HH0681-rgb_2017_3_18_22_0_0 745 -1.2111355990990078 0.6791032509004693 -0.08713451645620987 -2.8835588232659446 -0.6433402015699402 -0.7859171388105343 -1.9061263310288503 0
HH0681-rgb_2017_3_18_22_0_0 1315 -0.9589975629017234 1.1839859847587904 -0.29534830614711216 -0.42689047023790216 0.4176498353375875 -0.6193387446389131 -1.8695255622196232 0
HH0681-rgb_2017_3_18_22_0_0 50 1.4110999773527486 2.3380036621492386 1.992151136758417 -4.848893505688379 -0.6433402015699402 -1.2856523213253974 -0.8081032667520337 0
HH0681-rgb_2017_3_18_22_0_0 50 1.259817155634378 2.7707602911706566 -1.0255226919124683 -4.658699826744272 -0.8555382089514458 0.0469748320475711 -0.4420955786597615 0
HH0681-rgb_2017_3_18_22_0_0 50 1.6632380135500329 -0.00609474505010922 0.902594045499175 0.0327442538770219 3.388421938678665 1.3796019854205397 -0.0028863529490348577 2
HH0681-rgb_2017_3_18_22_0_0 2135 0.7051134760003527 0.21028356946059978 0.7999132725009218 0.2070884595757862 -0.6433402015699402 0.0469748320475711 0.10691595347864681 2
HH0681-rgb_2017_3_18_22_0_0 1400 nan nan nan nan nan nan nan 0
HH0681-rgb_2017_3_18_22_0_0 905 -0.0008730253520432782 -0.18641000714236672 -2.557177555803078 -2.249579893452256 1.478639872245115 1.2130235912489185 0.948733636090873 0
HH0681-rgb_2017_3_18_22_0_0 905 2.2179416931840583 0.06603135978679378 -0.16414509620489975 1.6018421051659004 1.6908378796266206 1.3796019854205397 -1.1375101860350787 2
HH0681-rgb_2017_3_18_22_0_0 520 -0.7068595267044392 -0.6912927410006877 -2.7254599337724374 -1.2352136057503549 0.8420458501005986 1.2130235912489185 -0.33229327223207983 0
HH0681-rgb_2017_3_18_22_0_0 520 1.7136656207894898 0.4627249363897603 0.9111507765823628 0.01689478063167969 2.751827916534148 1.3796019854205397 -0.6250994227058976 2
HH0681-rgb_2017_3_18_22_0_0 285 -1.2615632063384645 -1.0519232651852028 -2.3033278670018413 -1.5046546509211722 -0.21894418680692912 0.3801316203908132 1.2415397865646907 0
HH0681-rgb_2017_3_18_22_0_0 285 1.310244762873835 0.17422051704214828 0.902594045499175 0.01689478063167969 2.327431901771137 0.5467100145624343 0.6925282544262824 2
HH0681-rgb_2017_3_18_22_0_0 1825 2.4700797293813426 1.0757968275034357 1.013831549580616 -4.658699826744272 -0.6433402015699402 -0.286181956295671 1.5343459370385086 2
HH0681-rgb_2017_3_18_22_0_0 1825 -2.118832529409231 -0.43885137407152724 -3.0677291770999484 -1.0925683465422749 -1.9165282458589736 0.21355322621919218 1.4977451682292813 0
HH0681-rgb_2017_3_18_22_0_0 440 -0.9589975629017234 -0.6912927410006877 -2.699789740522874 -1.1401167662783016 0.629847842719093 0.5467100145624343 -1.4669171053181238 0
HH0681-rgb_2017_3_18_22_0_0 440 1.612810406310576 0.17422051704214828 0.902594045499175 -0.030653639104346937 2.1152338943896316 0.7132884087340554 0.5827259479986008 2
HH0681-rgb_2017_3_18_22_0_0 1010 2.621362551099713 4.105093230653362 -0.09569124753939763 -1.2827620254863814 -0.6433402015699402 -0.286181956295671 1.8271520875123264 2
HH0681-rgb_2017_3_18_22_0_0 1945 0.9572515121976369 1.6888687186171114 0.46905300395099486 -3.5016882798342905 1.054243857482104 0.8798668029056764 1.6441482434661903 0
HH0681-rgb_2017_3_18_22_0_0 1945 -1.2111355990990078 -0.8716080030929453 -2.4031563963056986 -1.0450199268062483 -0.006746179425423586 0.7132884087340554 -0.6983009603243521 0
HH0681-rgb_2017_3_18_22_0_0 2280 0.251265010845241 0.21028356946059978 0.7999132725009218 0.2070884595757862 0.20545182795608197 -2.784857868869987 -0.2224909658043982 2
HH0681-rgb_2017_3_18_22_0_0 2055 0.7051134760003527 0.21028356946059978 0.7999132725009218 0.11199162010373294 -0.6433402015699402 0.5467100145624343 -0.03948712175826208 2
HH0681-rgb_2017_3_18_22_0_0 130 nan nan nan nan nan nan nan 0
HH0681-rgb_2017_3_18_22_0_0 130 nan nan nan nan nan nan nan 0
HH0681-rgb_2017_3_18_22_0_0 130 1.8145208352684035 -0.22247305956081823 0.8797760959440076 0.01689478063167969 0.20545182795608197 1.7127587737637817 0.6559274856170552 2
HH0681-rgb_2017_3_18_22_0_0 1560 -0.20258345430987068 1.0757968275034357 -0.29534830614711216 -0.030653639104346937 1.2664418648636095 -2.4517010805267447 0.2899197975247829 0
HH0681-rgb_2017_3_18_22_0_0 1560 -1.4128460280568351 0.5709140936451148 -0.922841918914215 -0.3000946842751645 1.054243857482104 1.0464451970772974 -1.9427270998380777 0
HH0681-rgb_2017_3_18_22_0_0 695 nan nan nan nan nan nan nan 0
HH0681-rgb_2017_3_18_22_0_0 695 1.4110999773527486 0.6791032509004693 0.8712193648608199 0.15954003983975956 1.054243857482104 0.7132884087340554 1.7173497810846448 2
HH0681-rgb_2017_3_18_22_0_0 865 -1.0094251701411803 0.02996830736834228 -2.708346471606062 -1.1401167662783016 -0.6433402015699402 -2.1185442921835027 1.607547474656963 0
HH0681-rgb_2017_3_18_22_0_0 865 1.310244762873835 0.7151663033189208 -0.30960952461909175 -0.5378367829552976 -1.2799342237144569 0.8798668029056764 1.278140555373918 2
HH0681-rgb_2017_3_18_22_0_0 870 -1.3119908135779215 -0.25853611197926973 -2.6855285220508947 -1.1876651860143281 0.4176498353375875 -1.1190739271537764 -0.03948712175826208 0
HH0681-rgb_2017_3_18_22_0_0 870 0.6546858687608959 0.7872924081558238 -0.3609499111182184 -0.5378367829552976 -2.3409242606219847 -0.6193387446389131 2.4859659260784164 1
HH0681-rgb_2017_3_18_22_0_0 680 -0.4042938832676981 -0.9797971603482998 -2.6826762783564986 -1.2352136057503549 0.8420458501005986 0.7132884087340554 0.5095244103801463 1
HH0681-rgb_2017_3_18_22_0_0 680 -1.3119908135779215 1.6528056661986599 -2.9850141099624663 -1.5046546509211722 1.2664418648636095 0.21355322621919218 0.3997221039524646 0
HH0681-rgb_2017_3_18_22_0_0 680 1.612810406310576 0.02996830736834228 0.8968895581103832 0.11199162010373294 3.388421938678665 1.2130235912489185 0.07031518466941959 2
HH0681-rgb_2017_3_18_22_0_0 1575 -1.0598527773806372 1.2921751420141447 -0.3695066422014061 -0.10990100533105798 -1.2799342237144569 -2.4517010805267447 -1.2839132612719877 0
HH0681-rgb_2017_3_18_22_0_0 1575 -0.6564319194649824 0.8233554605742753 -0.8543880702487129 -0.9023746675981684 -0.006746179425423586 -1.2856523213253974 -2.821145551259531 0
HH0681-rgb_2017_3_18_22_0_0 2040 0.7051134760003527 0.21028356946059978 0.7999132725009218 0.11199162010373294 -0.006746179425423586 1.2130235912489185 0.2533190287155557 2
HH0681-rgb_2017_3_18_22_0_0 125 nan nan nan nan nan nan nan 0
HH0681-rgb_2017_3_18_22_0_0 125 -0.3538662760282413 -0.00609474505010922 -0.22404221378721412 -2.106934634244176 -1.704330238477468 -1.2856523213253974 -1.686521718173487 0
HH0681-rgb_2017_3_18_22_0_0 125 1.1085343339160074 0.3545357791344058 0.8968895581103832 0.06444320036770632 -0.43114219418843464 2.045915562107024 0.5095244103801463 2
HH0681-rgb_2017_3_18_22_0_0 1950 1.8145208352684035 0.4627249363897603 0.6430398693091461 -3.78697879825045 -0.6433402015699402 0.8798668029056764 0.4729236415709191 2
HH0681-rgb_2017_3_18_22_0_0 1950 nan nan nan nan nan nan nan 0
HH0681-rgb_2017_3_18_22_0_0 2295 0.30169261808469783 0.21028356946059978 0.7999132725009218 0.2070884595757862 -0.006746179425423586 -2.951436263041608 -0.03948712175826208 2
HH0681-rgb_2017_3_18_22_0_0 1005 2.722217765578627 4.141156283071814 -0.08713451645620987 -1.2827620254863814 -0.8555382089514458 -0.11960356212404996 1.7173497810846448 2
HH0681-rgb_2017_3_18_22_0_0 455 -0.3034386687887844 -0.1503469547239152 -2.785357051354752 -1.0925683465422749 -0.8555382089514458 -0.7859171388105343 1.095136711327782 1
HH0681-rgb_2017_3_18_22_0_0 455 1.612810406310576 0.3545357791344058 0.905446289193571 -0.030653639104346937 2.9640259239156537 0.8798668029056764 0.43632287276169185 2
HH0681-rgb_2017_3_18_22_0_0 1830 2.1675140859446014 1.0757968275034357 1.0223882806638038 -4.611151407008245 -0.006746179425423586 -0.286181956295671 1.7173497810846448 1
HH0681-rgb_2017_3_18_22_0_0 290 -1.3624184208173784 -0.7994818982560422 -2.5172461440815352 -1.552203070657199 0.629847842719093 0.3801316203908132 -0.33229327223207983 0
HH0681-rgb_2017_3_18_22_0_0 290 -0.05130063259150013 0.21028356946059978 -2.99642308474005 -1.552203070657199 -0.21894418680692912 -2.4517010805267447 -0.6983009603243521 0
HH0681-rgb_2017_3_18_22_0_0 290 1.1085343339160074 0.17422051704214828 0.902594045499175 -0.030653639104346937 1.054243857482104 2.878807532965129 1.0585359425185545 2
HH0681-rgb_2017_3_18_22_0_0 535 -0.4042938832676981 -0.9076710555113967 -2.7340166648556252 -1.1876651860143281 -0.6433402015699402 0.7132884087340554 -1.64992094936426 1
HH0681-rgb_2017_3_18_22_0_0 535 1.612810406310576 0.17422051704214828 0.902594045499175 0.01689478063167969 3.388421938678665 1.0464451970772974 0.21671825990632848 2
HH0681-rgb_2017_3_18_22_0_0 910 0.3521202253241547 -0.04215779746856072 -2.6284836481629763 -2.614117778095127 1.2664418648636095 1.0464451970772974 1.7173497810846448 1
HH0681-rgb_2017_3_18_22_0_0 910 0.5538306542819821 0.3545357791344058 -0.22974670117600596 -0.9023746675981684 1.2664418648636095 -0.7859171388105343 1.790551318703099 1
HH0681-rgb_2017_3_18_22_0_0 1415 -1.2111355990990078 0.21028356946059978 -0.4294037597837205 -0.6804820421633775 1.478639872245115 -2.1185442921835027 0.5095244103801463 0
HH0681-rgb_2017_3_18_22_0_0 45 1.0581067266765507 2.3380036621492386 1.9835944056752295 -4.753796666216325 0.629847842719093 -0.7859171388105343 -0.29569250342285264 0
HH0681-rgb_2017_3_18_22_0_0 45 1.612810406310576 0.06603135978679378 0.905446289193571 -0.030653639104346937 3.388421938678665 1.7127587737637817 0.18011749109710126 2
HH0681-rgb_2017_3_18_22_0_0 2120 0.7051134760003527 0.21028356946059978 0.7999132725009218 0.15954003983975956 -0.6433402015699402 0.3801316203908132 0.033714415860192366 2
HH0681-rgb_2017_3_18_22_0_0 735 nan nan nan nan nan nan nan 0
HH0681-rgb_2017_3_18_22_0_0 735 0.5538306542819821 1.5085534565248537 0.4063036426742846 -3.4065914403622375 -0.21894418680692912 0.7132884087340554 -1.7597232557919416 0
HH0681-rgb_2017_3_18_22_0_0 1365 -1.4128460280568351 1.7249317710355627 -0.12136144078896094 1.7286378911286382 0.629847842719093 -2.2851226863551237 -2.0891301750749864 0
HH0681-rgb_2017_3_18_22_0_0 90 1.4110999773527486 1.5806795613617568 0.3635199872583458 -5.1817324438405645 -0.006746179425423586 -0.9524955329821553 -2.821145551259531 2
HH0681-rgb_2017_3_18_22_0_0 90 1.1589619411554644 0.17422051704214828 0.9111507765823628 -0.06235258559503135 1.054243857482104 1.2130235912489185 -0.6250994227058976 2
HH0681-rgb_2017_3_18_22_0_0 245 -1.7658392787330333 -0.5109774789084303 -2.6940852531340824 -1.1401167662783016 -0.43114219418843464 1.0464451970772974 0.802330560853964 0
HH0681-rgb_2017_3_18_22_0_0 245 1.4110999773527486 0.17422051704214828 0.902594045499175 0.15954003983975956 0.8420458501005986 2.379072350450266 0.18011749109710126 2
HH0681-rgb_2017_3_18_22_0_0 2320 0.6546858687608959 0.21028356946059978 0.7999132725009218 0.11199162010373294 -0.6433402015699402 1.2130235912489185 0.32652056633401016 2
HH0681-rgb_2017_3_18_22_0_0 1615 0.5034030470425253 1.1839859847587904 -0.2725303565919448 -0.6804820421633775 -0.006746179425423586 -0.11960356212404996 -0.515297116278216 2
HH0681-rgb_2017_3_18_22_0_0 1615 1.1589619411554644 2.0494992428016263 -1.0568973725508233 -1.0925683465422749 0.4176498353375875 -0.9524955329821553 -2.4185370943580313 2
HH0681-rgb_2017_3_18_22_0_0 2240 0.7555410832398095 0.21028356946059978 0.7999132725009218 0.15954003983975956 -1.0677362163329513 0.5467100145624343 0.033714415860192366 2
HH0681-rgb_2017_3_18_22_0_0 325 -2.0179773149303175 -0.25853611197926973 -3.050615714933573 -0.5219873097099554 -0.006746179425423586 -1.4522307154970184 -1.64992094936426 0
HH0681-rgb_2017_3_18_22_0_0 325 1.5119551918316623 0.17422051704214828 0.902594045499175 -0.030653639104346937 2.1152338943896316 1.8793371679354027 0.8389313296631913 2
HH0681-rgb_2017_3_18_22_0_0 1985 0.3521202253241547 0.06603135978679378 0.7970610288065259 0.15954003983975956 1.478639872245115 1.0464451970772974 -0.18589019699517098 2
HH0681-rgb_2017_3_18_22_0_0 1985 -0.7572871339438961 -0.5470405313268817 -2.853810900020254 -1.5046546509211722 -0.43114219418843464 0.8798668029056764 0.802330560853964 0
HH0681-rgb_2017_3_18_22_0_0 1775 4.43675641172016 1.7249317710355627 1.3275783559641674 -4.896441925424405 -0.8555382089514458 0.0469748320475711 2.1931597756045984 2
HH0681-rgb_2017_3_18_22_0_0 1775 -2.118832529409231 -0.5470405313268817 -3.0591724460167606 -1.0925683465422749 -2.3409242606219847 0.3801316203908132 0.6193267168078279 0
HH0681-rgb_2017_3_18_22_0_0 480 -0.5555767049860687 -0.7273557934191393 -2.7653913454939807 -1.1401167662783016 0.8420458501005986 0.21355322621919218 -0.8081032667520337 0
HH0681-rgb_2017_3_18_22_0_0 480 1.612810406310576 0.3545357791344058 0.905446289193571 0.01689478063167969 3.388421938678665 0.3801316203908132 -0.0028863529490348577 2
HH0681-rgb_2017_3_18_22_0_0 655 -0.25301106154932756 -0.5470405313268817 -2.7054942279116663 -1.0450199268062483 -0.6433402015699402 -0.11960356212404996 0.6559274856170552 1
HH0681-rgb_2017_3_18_22_0_0 655 -1.4128460280568351 2.0855622952200776 -2.9850141099624663 -1.5205041241665145 1.054243857482104 0.0469748320475711 -0.3688940410413071 0
HH0681-rgb_2017_3_18_22_0_0 655 1.7136656207894898 0.4627249363897603 0.9111507765823628 0.06444320036770632 1.6908378796266206 2.545650744621887 -0.6983009603243521 2
HH0681-rgb_2017_3_18_22_0_0 1205 nan nan nan nan nan nan nan 0
HH0681-rgb_2017_3_18_22_0_0 2095 0.8059686904792663 0.21028356946059978 0.7999132725009218 0.06444320036770632 -0.21894418680692912 1.3796019854205397 0.10691595347864681 2
HH0681-rgb_2017_3_18_22_0_0 2080 0.30169261808469783 0.06603135978679378 0.7970610288065259 0.11199162010373294 -0.43114219418843464 -0.7859171388105343 -0.18589019699517098 2
HH0681-rgb_2017_3_18_22_0_0 1210 nan nan nan nan nan nan nan 0
HH0681-rgb_2017_3_18_22_0_0 640 -0.7068595267044392 -1.1601124224405572 -2.6855285220508947 -1.0925683465422749 2.5396299091526426 0.3801316203908132 0.14351672228787404 0
HH0681-rgb_2017_3_18_22_0_0 640 1.7136656207894898 -0.11428390230546372 0.8911850707215914 0.01689478063167969 2.327431901771137 0.21355322621919218 0.7291290232355097 2
HH0681-rgb_2017_3_18_22_0_0 495 -0.3034386687887844 -0.6912927410006877 -2.7254599337724374 -1.1876651860143281 -0.43114219418843464 -0.6193387446389131 -1.1375101860350787 1
HH0681-rgb_2017_3_18_22_0_0 495 1.612810406310576 0.06603135978679378 0.8968895581103832 0.15954003983975956 2.5396299091526426 0.21355322621919218 0.2533190287155557 2
HH0681-rgb_2017_3_18_22_0_0 1760 1.1589619411554644 2.4101297669861417 1.0337972554413875 -3.8662261644771614 -0.21894418680692912 1.2130235912489185 -2.3087347879303497 2
HH0681-rgb_2017_3_18_22_0_0 1760 -1.9171221004514036 -0.5470405313268817 -3.0677291770999484 -1.1401167662783016 -0.43114219418843464 0.0469748320475711 0.14351672228787404 0
HH0681-rgb_2017_3_18_22_0_0 2255 0.6546858687608959 0.21028356946059978 0.7999132725009218 0.2070884595757862 -0.6433402015699402 -0.45276035046729207 -0.0028863529490348577 2
HH0681-rgb_2017_3_18_22_0_0 1990 0.30169261808469783 0.17422051704214828 0.79420878511213 0.06444320036770632 -1.0677362163329513 1.3796019854205397 0.2533190287155557 2
HH0681-rgb_2017_3_18_22_0_0 330 1.612810406310576 -0.00609474505010922 0.8940373144159872 0.06444320036770632 3.8128179534416766 1.2130235912489185 0.7657297920447369 2
HH0681-rgb_2017_3_18_22_0_0 1600 0.8059686904792663 1.3282381944325963 -0.21263323900963044 -0.6804820421633775 -0.006746179425423586 -1.1190739271537764 -0.11268865937671653 2
HH0681-rgb_2017_3_18_22_0_0 1600 -0.15215584707041385 0.5709140936451148 -0.9656255743301538 -0.9023746675981684 -0.21894418680692912 -0.9524955329821553 -2.6015409384041677 0
HH0681-rgb_2017_3_18_22_0_0 250 -1.9171221004514036 -0.43885137407152724 -2.6855285220508947 -1.1401167662783016 -0.006746179425423586 -0.11960356212404996 0.5095244103801463 0
HH0681-rgb_2017_3_18_22_0_0 250 1.4110999773527486 0.3545357791344058 0.8968895581103832 0.2070884595757862 2.5396299091526426 0.3801316203908132 -0.6250994227058976 2
HH0681-rgb_2017_3_18_22_0_0 2335 1.1085343339160074 0.21028356946059978 0.7999132725009218 0.15954003983975956 0.4176498353375875 1.3796019854205397 0.6193267168078279 2
HH0681-rgb_2017_3_18_22_0_0 85 0.7555410832398095 1.3282381944325963 0.4719052476453908 -4.658699826744272 -2.7653202753849957 -1.7853875038402607 -2.4551378631672587 0
HH0681-rgb_2017_3_18_22_0_0 85 nan nan nan nan nan nan nan 0
HH0681-rgb_2017_3_18_22_0_0 85 1.3606723701132917 0.17422051704214828 0.902594045499175 -0.014804165859004728 -1.704330238477468 1.0464451970772974 -0.3688940410413071 2
HH0681-rgb_2017_3_18_22_0_0 1370 -1.2615632063384645 1.7609948234540143 -0.09569124753939763 1.6652399981472694 0.20545182795608197 -1.1190739271537764 -1.7963240246011687 0
HH0681-rgb_2017_3_18_22_0_0 720 nan nan nan nan nan nan nan 0
HH0681-rgb_2017_3_18_22_0_0 720 -0.6564319194649824 2.2298145048938838 0.8426969279168607 0.2070884595757862 1.478639872245115 -1.4522307154970184 -1.7231224869827144 0
HH0681-rgb_2017_3_18_22_0_0 1360 -1.2111355990990078 1.9413100855462717 -0.12136144078896094 1.7603368376193227 -0.006746179425423586 -2.6182794746983657 -2.162331712693441 0
HH0681-rgb_2017_3_18_22_0_0 730 nan nan nan nan nan nan nan 0
HH0681-rgb_2017_3_18_22_0_0 730 -0.5051490977466118 2.37406671456769 0.5717337769492481 -1.9008914820547276 -2.128726253240479 -1.2856523213253974 2.0101559315584625 0
HH0681-rgb_2017_3_18_22_0_0 95 2.4700797293813426 1.0757968275034357 -0.05575983581785473 -5.498721908747409 -0.006746179425423586 -1.4522307154970184 0.43632287276169185 2
HH0681-rgb_2017_3_18_22_0_0 95 0.8059686904792663 0.17422051704214828 0.902594045499175 -0.030653639104346937 1.6908378796266206 1.7127587737637817 1.0585359425185545 2
HH0681-rgb_2017_3_18_22_0_0 1610 0.9068239049581801 1.2561120895956932 -0.2354511885647978 -0.7755788816354308 -1.4921322310959624 0.3801316203908132 -0.8813048043704882 2
HH0681-rgb_2017_3_18_22_0_0 1610 0.6042582615214389 2.301940609730787 -1.034079422995656 -0.5378367829552976 -0.6433402015699402 -0.7859171388105343 -1.3571147988904422 0
HH0681-rgb_2017_3_18_22_0_0 240 -1.5137012425357488 -0.2945991643977212 -2.722607690078042 -1.1401167662783016 -0.43114219418843464 0.7132884087340554 1.1683382489462364 0
HH0681-rgb_2017_3_18_22_0_0 240 1.7136656207894898 0.17422051704214828 0.902594045499175 0.01689478063167969 3.8128179534416766 1.3796019854205397 0.3631213351432374 2
HH0681-rgb_2017_3_18_22_0_0 2325 0.6042582615214389 0.21028356946059978 0.7999132725009218 0.15954003983975956 -0.006746179425423586 -2.2851226863551237 -0.33229327223207983 2
HH0681-rgb_2017_3_18_22_0_0 1770 3.882052732086134 2.987138605681366 1.561462338904633 -4.706248246480299 -1.0677362163329513 -2.1185442921835027 -0.9179055731797154 2
HH0681-rgb_2017_3_18_22_0_0 1770 -1.9171221004514036 -0.6912927410006877 -3.0591724460167606 -1.1401167662783016 -1.0677362163329513 1.2130235912489185 0.14351672228787404 0
HH0681-rgb_2017_3_18_22_0_0 2245 0.6546858687608959 0.21028356946059978 0.7999132725009218 0.2070884595757862 -1.2799342237144569 -0.286181956295671 0.033714415860192366 2
HH0681-rgb_2017_3_18_22_0_0 1980 1.4615275845922056 0.17422051704214828 0.7856520540289422 -0.014804165859004728 2.327431901771137 0.0469748320475711 1.9735551627492351 2
HH0681-rgb_2017_3_18_22_0_0 1980 -0.3034386687887844 -1.0519232651852028 -2.7625391017995846 -1.330310445222408 -0.43114219418843464 -0.7859171388105343 1.2415397865646907 1
HH0681-rgb_2017_3_18_22_0_0 320 nan nan nan nan nan nan nan 0
HH0681-rgb_2017_3_18_22_0_0 320 1.1085343339160074 0.3545357791344058 0.8968895581103832 -0.030653639104346937 -1.0677362163329513 2.545650744621887 -0.5884986538966704 2
HH0681-rgb_2017_3_18_22_0_0 485 -0.45472149050715494 -0.7994818982560422 -2.756834614410793 -1.1401167662783016 1.478639872245115 -0.6193387446389131 -1.1375101860350787 0
HH0681-rgb_2017_3_18_22_0_0 485 1.7136656207894898 0.3545357791344058 0.905446289193571 0.01689478063167969 2.9640259239156537 0.8798668029056764 -0.5518978850874432 2
HH0681-rgb_2017_3_18_22_0_0 1200 nan nan nan nan nan nan nan 0
HH0681-rgb_2017_3_18_22_0_0 650 -0.25301106154932756 -0.5470405313268817 -2.7054942279116663 -0.9974715070702217 -1.4921322310959624 1.7127587737637817 0.5827259479986008 1
HH0681-rgb_2017_3_18_22_0_0 650 nan nan nan nan nan nan nan 0
HH0681-rgb_2017_3_18_22_0_0 650 1.612810406310576 0.3545357791344058 0.905446289193571 0.06444320036770632 2.751827916534148 0.7132884087340554 -0.18589019699517098 2
HH0681-rgb_2017_3_18_22_0_0 2090 0.40254783256361154 0.06603135978679378 0.7970610288065259 0.11199162010373294 -1.4921322310959624 -0.286181956295671 -0.03948712175826208 2
HH0681-rgb_2017_3_18_22_0_0 2085 0.40254783256361154 0.21028356946059978 0.7999132725009218 0.06444320036770632 -1.4921322310959624 -0.7859171388105343 -0.5518978850874432 2
HH0681-rgb_2017_3_18_22_0_0 645 -0.4042938832676981 -0.9437341079298482 -2.6912330094396864 -1.1401167662783016 1.903035887008126 1.3796019854205397 0.4729236415709191 1
HH0681-rgb_2017_3_18_22_0_0 645 1.7136656207894898 0.3545357791344058 0.905446289193571 0.11199162010373294 2.1152338943896316 1.0464451970772974 -0.5518978850874432 2
HH0681-rgb_2017_3_18_22_0_0 1215 nan nan nan nan nan nan nan 0
HH0681-rgb_2017_3_18_22_0_0 490 -0.4042938832676981 -0.8355449506744937 -2.7368689085500213 -1.1401167662783016 -0.43114219418843464 -0.45276035046729207 -1.4303163365088964 1
HH0681-rgb_2017_3_18_22_0_0 490 1.7136656207894898 0.17422051704214828 0.902594045499175 0.06444320036770632 3.388421938678665 1.2130235912489185 -0.2224909658043982 2
HH0681-rgb_2017_3_18_22_0_0 2250 0.7051134760003527 0.21028356946059978 0.7999132725009218 0.15954003983975956 -0.21894418680692912 -0.11960356212404996 0.10691595347864681 2
HH0681-rgb_2017_3_18_22_0_0 335 1.7136656207894898 0.3545357791344058 0.8968895581103832 0.01689478063167969 3.388421938678665 -0.11960356212404996 0.4729236415709191 2
HH0681-rgb_2017_3_18_22_0_0 1995 0.7051134760003527 0.3545357791344058 0.7799475666401504 0.06444320036770632 -0.21894418680692912 -0.7859171388105343 0.3631213351432374 2
HH0681-rgb_2017_3_18_22_0_0 1995 -0.8581423484228098 0.02996830736834228 -2.5429163373310986 -1.6472999101292523 0.20545182795608197 0.21355322621919218 -0.5518978850874432 0
HH0681-rgb_2017_3_18_22_0_0 1765 2.5205073366207995 3.455958287121235 1.2077841207995386 -4.294161942101401 -0.006746179425423586 0.3801316203908132 1.2415397865646907 2
HH0681-rgb_2017_3_18_22_0_0 1765 -2.0179773149303175 -0.43885137407152724 -3.0677291770999484 -1.0925683465422749 -2.128726253240479 -0.9524955329821553 1.131737480137009 0
HH0681-rgb_2017_3_18_22_0_0 255 -1.1607079918595509 -1.1961754748590088 -2.0722961277557714 -0.9499230873341951 -1.0677362163329513 -0.7859171388105343 0.4729236415709191 1
HH0681-rgb_2017_3_18_22_0_0 255 1.2093895483949213 0.4627249363897603 0.902594045499175 -0.12575047857640018 0.629847842719093 3.04538592713675 -0.29569250342285264 2
HH0681-rgb_2017_3_18_22_0_0 2330 0.7555410832398095 0.21028356946059978 0.7999132725009218 0.15954003983975956 -0.8555382089514458 0.8798668029056764 0.9853344049001002 2
HH0681-rgb_2017_3_18_22_0_0 1605 0.5034030470425253 1.1479229323403388 -0.22404221378721412 -0.6804820421633775 0.629847842719093 -1.2856523213253974 -0.4786963474689887 2
HH0681-rgb_2017_3_18_22_0_0 1605 0.6042582615214389 2.2298145048938838 -0.9770345491077375 -0.6804820421633775 -0.006746179425423586 1.5461803795921607 -1.5401186429365783 2
HH0681-rgb_2017_3_18_22_0_0 80 nan nan nan nan nan nan nan 0
HH0681-rgb_2017_3_18_22_0_0 80 nan nan nan nan nan nan nan 0
HH0681-rgb_2017_3_18_22_0_0 725 nan nan nan nan nan nan nan 0
HH0681-rgb_2017_3_18_22_0_0 725 0.251265010845241 2.1937514524754325 0.8569581463888403 0.571626344218657 -0.43114219418843464 -1.2856523213253974 1.9003536251307809 0
HH0681-rgb_2017_3_18_22_0_0 1375 -0.807714741183353 2.0855622952200776 -0.09569124753939763 1.712788417883296 -0.8555382089514458 -0.45276035046729207 -0.29569250342285264 0
HH0681-rgb_2017_3_18_22_0_0 1405 nan nan nan nan nan nan nan 0
HH0681-rgb_2017_3_18_22_0_0 55 1.259817155634378 2.3380036621492386 2.009264598924793 -4.801345085952351 0.20545182795608197 -1.2856523213253974 0.6193267168078279 0
HH0681-rgb_2017_3_18_22_0_0 55 0.3521202253241547 1.220049037177242 -0.7260371040008964 -4.706248246480299 -0.006746179425423586 -0.6193387446389131 -0.6250994227058976 0
HH0681-rgb_2017_3_18_22_0_0 55 1.9153760497473171 0.21028356946059978 0.902594045499175 -0.030653639104346937 2.327431901771137 0.3801316203908132 -0.0760878905674893 2
HH0681-rgb_2017_3_18_22_0_0 2130 0.6546858687608959 0.21028356946059978 0.7999132725009218 0.15954003983975956 -0.43114219418843464 -0.7859171388105343 -0.5884986538966704 2
HH0681-rgb_2017_3_18_22_0_0 900 -0.10172823983095698 -0.2945991643977212 -2.6627105724957274 -1.9801388482814386 -0.006746179425423586 1.3796019854205397 1.936954393940008 1
HH0681-rgb_2017_3_18_22_0_0 525 -1.0094251701411803 -0.7994818982560422 -2.7311644211612296 -1.2352136057503549 0.629847842719093 1.3796019854205397 -1.6133201805550326 0
HH0681-rgb_2017_3_18_22_0_0 525 1.4110999773527486 0.17422051704214828 0.9111507765823628 0.06444320036770632 2.751827916534148 1.3796019854205397 0.21671825990632848 2
HH0681-rgb_2017_3_18_22_0_0 1820 2.67179015833917 1.0757968275034357 0.9967180874142404 -4.753796666216325 -0.006746179425423586 -0.7859171388105343 1.607547474656963 2
HH0681-rgb_2017_3_18_22_0_0 280 -0.807714741183353 -0.18641000714236672 -2.197794850309192 -1.2827620254863814 -0.006746179425423586 -1.7853875038402607 -2.4185370943580313 0
HH0681-rgb_2017_3_18_22_0_0 280 1.1085343339160074 0.17422051704214828 0.902594045499175 0.06444320036770632 1.6908378796266206 1.2130235912489185 0.5827259479986008 2
HH0681-rgb_2017_3_18_22_0_0 1015 2.2179416931840583 3.9969040733980075 -0.09854349123379356 -1.1876651860143281 -1.0677362163329513 0.7132884087340554 1.936954393940008 2
HH0681-rgb_2017_3_18_22_0_0 445 -0.3034386687887844 -0.5831035837453332 -2.7054942279116663 -1.1401167662783016 -1.0677362163329513 0.5467100145624343 -1.6133201805550326 1
HH0681-rgb_2017_3_18_22_0_0 445 1.5119551918316623 0.3545357791344058 0.905446289193571 -0.030653639104346937 3.1762239312971596 1.2130235912489185 -0.25909173461362545 2
HH0681-rgb_2017_3_18_22_0_0 1940 -1.2111355990990078 0.7151663033189208 0.4804619787285786 -3.4382903868529215 1.478639872245115 2.212493956278645 -0.0028863529490348577 0
HH0681-rgb_2017_3_18_22_0_0 1940 -0.05130063259150013 -0.33066221681617275 -2.3603727408897597 -1.0450199268062483 -0.6433402015699402 -1.1190739271537764 -0.8813048043704882 1
HH0681-rgb_2017_3_18_22_0_0 2285 0.6546858687608959 0.21028356946059978 0.7999132725009218 0.2070884595757862 -0.6433402015699402 -0.11960356212404996 -0.0028863529490348577 2
HH0681-rgb_2017_3_18_22_0_0 1565 0.3521202253241547 1.003670722666533 -0.2867915750639244 -0.10990100533105798 1.478639872245115 -1.4522307154970184 0.9853344049001002 0
HH0681-rgb_2017_3_18_22_0_0 1565 0.3521202253241547 0.8233554605742753 -0.8458313391655251 -1.0925683465422749 -0.006746179425423586 -0.45276035046729207 -2.674742476022622 2
HH0681-rgb_2017_3_18_22_0_0 2050 0.8059686904792663 0.21028356946059978 0.7999132725009218 0.01689478063167969 -0.006746179425423586 1.0464451970772974 -0.11268865937671653 2
HH0681-rgb_2017_3_18_22_0_0 135 nan nan nan nan nan nan nan 0
HH0681-rgb_2017_3_18_22_0_0 135 0.30169261808469783 1.4724904041064024 -0.2839393313695285 -1.7423967496013055 -0.43114219418843464 -0.7859171388105343 0.8389313296631913 0
HH0681-rgb_2017_3_18_22_0_0 135 1.2093895483949213 0.3545357791344058 0.8968895581103832 -0.030653639104346937 2.1152338943896316 2.712229138793508 -0.515297116278216 2
HH0681-rgb_2017_3_18_22_0_0 860 -0.807714741183353 -0.00609474505010922 -2.711198715300458 -1.1876651860143281 -1.4921322310959624 -0.9524955329821553 0.8755320984724185 0
HH0681-rgb_2017_3_18_22_0_0 860 1.7136656207894898 0.4987879888082118 -0.21833772639842228 -0.44273994348324436 -2.977518282766501 0.3801316203908132 -0.14928942818594376 2
HH0681-rgb_2017_3_18_22_0_0 690 1.9153760497473171 0.2824096742975028 0.9111507765823628 0.06444320036770632 2.9640259239156537 -0.286181956295671 0.18011749109710126 2
HH0681-rgb_2017_3_18_22_0_0 685 0.09998218912687043 -0.43885137407152724 -2.7169032026892497 -1.2352136057503549 -0.43114219418843464 -0.7859171388105343 0.033714415860192366 1
HH0681-rgb_2017_3_18_22_0_0 685 nan nan nan nan nan nan nan 0
HH0681-rgb_2017_3_18_22_0_0 685 1.8649484425078604 0.3184727267159543 0.905446289193571 0.06444320036770632 2.751827916534148 0.8798668029056764 -0.2224909658043982 2
HH0681-rgb_2017_3_18_22_0_0 875 -1.4128460280568351 -0.18641000714236672 -2.6570060851069353 -1.1401167662783016 -0.21894418680692912 -1.4522307154970184 0.5461251791893735 0
HH0681-rgb_2017_3_18_22_0_0 875 1.5119551918316623 0.2824096742975028 -0.16129285251050385 -0.6804820421633775 -1.0677362163329513 2.212493956278645 -0.29569250342285264 2
HH0681-rgb_2017_3_18_22_0_0 2045 0.5034030470425253 0.06603135978679378 0.7970610288065259 0.01689478063167969 -0.6433402015699402 1.8793371679354027 0.5095244103801463 2
HH0681-rgb_2017_3_18_22_0_0 120 nan nan nan nan nan nan nan 0
HH0681-rgb_2017_3_18_22_0_0 120 0.251265010845241 -0.1503469547239152 -0.25541689442556925 -2.3446767329243094 0.629847842719093 1.2130235912489185 0.8755320984724185 1
HH0681-rgb_2017_3_18_22_0_0 120 1.4110999773527486 0.6791032509004693 0.8626626337776321 0.06444320036770632 -0.8555382089514458 1.8793371679354027 1.1683382489462364 2
HH0681-rgb_2017_3_18_22_0_0 1570 -0.45472149050715494 1.6888687186171114 -0.29820054984150807 -0.1574494250670846 0.8420458501005986 -1.1190739271537764 -1.5401186429365783 0
HH0681-rgb_2017_3_18_22_0_0 1570 0.20083740360578414 0.7151663033189208 -0.8600925576375047 -1.1401167662783016 -1.704330238477468 1.0464451970772974 -1.832924793410396 2
HH0681-rgb_2017_3_18_22_0_0 1955 2.4700797293813426 0.8594185129927268 0.905446289193571 -3.8662261644771614 0.8420458501005986 0.3801316203908132 0.3997221039524646 2
HH0681-rgb_2017_3_18_22_0_0 1955 nan nan nan nan nan nan nan 0
HH0681-rgb_2017_3_18_22_0_0 2290 0.7051134760003527 0.21028356946059978 0.7999132725009218 0.2070884595757862 -1.2799342237144569 0.3801316203908132 0.07031518466941959 2
HH0681-rgb_2017_3_18_22_0_0 450 -0.10172823983095698 -0.7634188458375908 -2.7311644211612296 -1.1876651860143281 -0.43114219418843464 0.3801316203908132 0.32652056633401016 1
HH0681-rgb_2017_3_18_22_0_0 450 1.7640932280289465 0.17422051704214828 0.902594045499175 -0.014804165859004728 3.6006199460601707 1.3796019854205397 0.5827259479986008 2
HH0681-rgb_2017_3_18_22_0_0 1000 nan nan nan nan nan nan nan 0
HH0681-rgb_2017_3_18_22_0_0 1000 0.20083740360578414 1.1839859847587904 -0.07002105428983434 -1.3778588649584347 -1.2799342237144569 -1.9519658980118817 -1.1009094172258516 0
HH0681-rgb_2017_3_18_22_0_0 295 0.6546858687608959 1.0757968275034357 -2.6085179423022047 -1.409557811449119 0.20545182795608197 -0.6193387446389131 -0.3688940410413071 0
HH0681-rgb_2017_3_18_22_0_0 295 -1.3119908135779215 0.5709140936451148 -2.9764573788792785 -1.409557811449119 0.629847842719093 0.0469748320475711 1.5709467058477358 0
HH0681-rgb_2017_3_18_22_0_0 295 1.4110999773527486 0.3545357791344058 0.905446289193571 0.06444320036770632 1.6908378796266206 2.878807532965129 -0.0028863529490348577 2
HH0681-rgb_2017_3_18_22_0_0 1835 2.8230729800575407 1.0757968275034357 1.013831549580616 -4.579452460517561 -0.006746179425423586 -0.45276035046729207 1.790551318703099 2
HH0681-rgb_2017_3_18_22_0_0 1835 -2.118832529409231 -0.6912927410006877 -3.0591724460167606 -1.0925683465422749 -0.8555382089514458 -0.45276035046729207 -0.29569250342285264 0
HH0681-rgb_2017_3_18_22_0_0 530 -0.3538662760282413 -0.6912927410006877 -2.7254599337724374 -1.2193641325050126 -0.8555382089514458 0.7132884087340554 -1.1009094172258516 1
HH0681-rgb_2017_3_18_22_0_0 530 1.9153760497473171 0.2824096742975028 0.902594045499175 0.06444320036770632 2.9640259239156537 1.2130235912489185 -0.0028863529490348577 2
HH0681-rgb_2017_3_18_22_0_0 915 0.9572515121976369 0.21028356946059978 -2.5457685810254946 -2.99450513598334 -0.006746179425423586 0.21355322621919218 0.802330560853964 1
HH0681-rgb_2017_3_18_22_0_0 915 2.5205073366207995 0.7151663033189208 -0.10139573492818948 -1.0925683465422749 -0.21894418680692912 1.2130235912489185 -0.03948712175826208 2
HH0681-rgb_2017_3_18_22_0_0 40 1.0581067266765507 2.3380036621492386 2.000707867841605 -4.753796666216325 -0.006746179425423586 -1.1190739271537764 -0.29569250342285264 0
HH0681-rgb_2017_3_18_22_0_0 40 1.1589619411554644 2.8428863960075597 -1.5474832879869218 -5.2451303368219335 -0.43114219418843464 -0.6193387446389131 -2.3819363255488044 0
HH0681-rgb_2017_3_18_22_0_0 40 2.016231264226231 0.1381574646236968 0.899741801804779 -0.030653639104346937 2.751827916534148 0.21355322621919218 0.07031518466941959 2
HH0681-rgb_2017_3_18_22_0_0 2125 0.30169261808469783 0.21028356946059978 0.7999132725009218 0.06444320036770632 -0.8555382089514458 -0.6193387446389131 -0.18589019699517098 2
HH0681-rgb_2017_3_18_22_0_0 1410 0.9068239049581801 2.1576884000569807 -0.2497124070367774 -0.5853852026913242 -0.006746179425423586 -1.2856523213253974 -0.7715024979428066 2
HH0490-rgb_2016_12_26_21_0_0 2100 1.0928728609304663 1.3547027967409495 -0.5513068838428284 -0.07602159227590921 0.43581429593554916 -0.5381944995877552 0.4033069750677559 2
HH0490-rgb_2016_12_26_21_0_0 1435 1.3314008511152728 1.3547027967409495 -0.5616918687812987 -0.15288083176582373 0.43581429593554916 0.9899765434985962 0.539820085732434 2
HH0490-rgb_2016_12_26_21_0_0 1390 1.4983704442446373 1.3547027967409495 -0.572076853719769 -0.21693019800741914 0.035586447452811226 0.9899765434985962 0.36917869740158643 2
HH0490-rgb_2016_12_26_21_0_0 1810 1.3314008511152728 1.2065335630030762 -0.5686151920736122 -0.15288083176582373 0.43581429593554916 0.7121272629374414 0.5056918080662645 2
HH0490-rgb_2016_12_26_21_0_0 1970 1.3314008511152728 1.2065335630030762 -0.5686151920736122 -0.21693019800741914 0.43581429593554916 0.8510519032180188 0.36917869740158643 2
HH0490-rgb_2016_12_26_21_0_0 1780 1.8323096305033661 3.169775910029896 -0.3262988768426385 -0.06321171902759012 -0.7648692495126648 -0.2603452190266004 -0.5522847995849902 2
HH0490-rgb_2016_12_26_21_0_0 2060 1.4029592481707147 1.2065335630030762 -0.5582302071351419 -0.1785005782624619 -0.5647553252712958 1.5456751046209058 0.13028075373839987 2
HH0490-rgb_2016_12_26_21_0_0 1555 1.259842454059831 1.2065335630030762 -0.5686151920736122 -0.14007095851750465 0.035586447452811226 0.2953533420957092 0.2667938644030779 2
HH0490-rgb_2016_12_26_21_0_0 845 1.4029592481707147 1.3547027967409495 -0.6240017784121206 0.23141536568374885 0.43581429593554916 0.4342779823762866 0.36917869740158643 2
HH0490-rgb_2016_12_26_21_0_0 1540 1.4029592481707147 1.3547027967409495 -0.5513068838428284 -0.1785005782624619 0.035586447452811226 1.4067504643403284 0.02789592073989135 2
HH0490-rgb_2016_12_26_21_0_0 2075 1.4029592481707147 1.0954066376996714 -0.5616918687812987 -0.1785005782624619 -0.16452747678855778 1.1289011837791736 -0.07448891225861717 2
HH0490-rgb_2016_12_26_21_0_0 2075 0.329583292339086 -0.20107415750671898 1.09990572137395 -2.702045608181322 0.035586447452811226 0.4342779823762866 1.4954118603851803 1
HH0490-rgb_2016_12_26_21_0_0 1795 1.4983704442446373 1.2065335630030762 -0.5582302071351419 -0.21693019800741914 -0.16452747678855778 2.2402983060237927 0.2326655867369084 2
HH0490-rgb_2016_12_26_21_0_0 1965 1.4983704442446373 1.2065335630030762 -0.5686151920736122 -0.21693019800741914 0.43581429593554916 0.9899765434985962 0.2326655867369084 2
HH0490-rgb_2016_12_26_21_0_0 460 1.5937816403185598 1.6139989557822274 -0.630925101704434 0.23141536568374885 -0.36464140102992676 0.4342779823762866 -0.31338685592180376 2
HH0490-rgb_2016_12_26_21_0_0 1805 1.3075480520967921 1.2065335630030762 -0.5686151920736122 -0.1785005782624619 0.6359282201769182 0.9899765434985962 -0.006232356926278159 2
HH0490-rgb_2016_12_26_21_0_0 1385 1.4029592481707147 1.2435758714375447 -0.5755385153659258 -0.21693019800741914 -0.16452747678855778 1.1289011837791736 0.5739483633986036 2
HH0490-rgb_2016_12_26_21_0_0 1420 1.259842454059831 1.2065335630030762 -0.5582302071351419 -0.14007095851750465 0.23570037169418023 0.2953533420957092 0.2667938644030779 2
HH0490-rgb_2016_12_26_21_0_0 2115 1.1644312579859084 1.2065335630030762 -0.5374602372582014 -0.14007095851750465 0.23570037169418023 -0.12142057874602298 0.5056918080662645 2
HH0490-rgb_2016_12_26_21_0_0 700 1.3314008511152728 1.4658297220443544 -0.6274634400582774 0.15455612619383433 -0.16452747678855778 0.7121272629374414 -0.4840282442526513 2
HH0490-rgb_2016_12_26_21_0_0 1350 1.4029592481707147 1.2435758714375447 -0.5859235003043961 -0.1785005782624619 0.23570037169418023 1.1289011837791736 0.30092214206924744 2
HH0490-rgb_2016_12_26_21_0_0 2315 1.3314008511152728 1.3547027967409495 -0.5513068838428284 -0.15288083176582373 -0.16452747678855778 0.9899765434985962 0.8811028623941292 2
HH0490-rgb_2016_12_26_21_0_0 1620 1.259842454059831 1.2065335630030762 -0.5686151920736122 -0.10164133877254738 0.23570037169418023 0.2953533420957092 0.8128463070617901 2
HH0490-rgb_2016_12_26_21_0_0 2275 1.4029592481707147 1.2065335630030762 -0.5582302071351419 -0.1785005782624619 0.6359282201769182 0.9899765434985962 0.6422049187309425 2
HH0490-rgb_2016_12_26_21_0_0 1740 1.7607512334479243 2.910479750988618 -0.35053050836573585 -0.07602159227590921 -0.5647553252712958 -0.81604378014891 -0.4840282442526513 2
HH0490-rgb_2016_12_26_21_0_0 1230 1.3075480520967921 1.2065335630030762 -0.5686151920736122 -0.1785005782624619 0.8360421444182872 0.5732026226568641 0.47156353040009497 2
HH0490-rgb_2016_12_26_21_0_0 1595 1.1644312579859084 1.2065335630030762 -0.5686151920736122 -0.024782099282632867 0.6359282201769182 -0.3992698593071778 0.1644090314045694 2
HH0490-rgb_2016_12_26_21_0_0 1580 1.1644312579859084 1.2065335630030762 -0.5686151920736122 -0.06321171902759012 0.8360421444182872 -0.2603452190266004 0.1644090314045694 2
HH0490-rgb_2016_12_26_21_0_0 1225 1.3075480520967921 1.2065335630030762 -0.5686151920736122 -0.1785005782624619 0.43581429593554916 0.8510519032180188 0.6080766410647731 2
HH0490-rgb_2016_12_26_21_0_0 675 1.3314008511152728 1.3547027967409495 -0.6240017784121206 0.11612650644887708 0.035586447452811226 0.2953533420957092 -0.8253110209143463 2
HH0490-rgb_2016_12_26_21_0_0 1755 1.3314008511152728 1.2065335630030762 -0.5582302071351419 -0.15288083176582373 0.43581429593554916 1.4067504643403284 0.2667938644030779 2
HH0490-rgb_2016_12_26_21_0_0 305 1.7368984344294436 1.6139989557822274 -0.6413100866429043 0.1929857459387916 -0.36464140102992676 0.4342779823762866 -0.1427454675909562 2
HH0490-rgb_2016_12_26_21_0_0 2260 1.4029592481707147 1.2065335630030762 -0.5582302071351419 -0.1785005782624619 0.035586447452811226 0.9899765434985962 0.5739483633986036 2
HH0490-rgb_2016_12_26_21_0_0 1635 1.0690200619119858 1.2065335630030762 -0.5686151920736122 -0.06321171902759012 -0.36464140102992676 -1.0938930607100648 0.2326655867369084 2
HH0490-rgb_2016_12_26_21_0_0 2300 1.3314008511152728 1.3547027967409495 -0.5513068838428284 -0.15288083176582373 -0.16452747678855778 0.7121272629374414 0.6422049187309425 2
HH0490-rgb_2016_12_26_21_0_0 1345 1.4029592481707147 1.2435758714375447 -0.5859235003043961 -0.1785005782624619 -0.16452747678855778 1.267825824059751 -0.04036063459244767 2
HH0490-rgb_2016_12_26_21_0_0 1355 1.3314008511152728 1.2435758714375447 -0.5859235003043961 -0.15288083176582373 -0.16452747678855778 0.2953533420957092 0.4374352527339255 2
HH0490-rgb_2016_12_26_21_0_0 1625 1.259842454059831 1.2065335630030762 -0.5686151920736122 -0.10164133877254738 0.035586447452811226 0.1564287018151318 0.539820085732434 2
HH0490-rgb_2016_12_26_21_0_0 2310 1.3314008511152728 1.2065335630030762 -0.5478452221966716 -0.15288083176582373 -0.16452747678855778 1.1289011837791736 1.0858725283911461 2
HH0490-rgb_2016_12_26_21_0_0 2310 0.09105530215427964 -0.6826241671548068 1.0791357514970092 -2.702045608181322 0.035586447452811226 0.017504061534554412 1.7684380817145364 1
HH0490-rgb_2016_12_26_21_0_0 1745 1.6176344393370405 1.2065335630030762 -0.5374602372582014 -0.15288083176582373 -1.9655527949608789 1.5456751046209058 -1.4396200189053974 2
HH0490-rgb_2016_12_26_21_0_0 2270 1.4029592481707147 1.2065335630030762 -0.5582302071351419 -0.1785005782624619 0.8360421444182872 1.267825824059751 0.13028075373839987 2
HH0490-rgb_2016_12_26_21_0_0 895 1.0928728609304663 1.4658297220443544 -0.617078455119807 0.1929857459387916 -0.5647553252712958 -0.12142057874602298 -0.07448891225861717 2
HH0490-rgb_2016_12_26_21_0_0 1235 1.4029592481707147 1.2065335630030762 -0.5686151920736122 -0.1785005782624619 0.8360421444182872 0.7121272629374414 0.2326655867369084 2
HH0490-rgb_2016_12_26_21_0_0 1590 1.0928728609304663 1.2065335630030762 -0.5686151920736122 -0.03759197253095195 1.2362699929010252 -0.12142057874602298 0.1644090314045694 2
HH0490-rgb_2016_12_26_21_0_0 1585 1.1644312579859084 1.2065335630030762 -0.5686151920736122 -0.06321171902759012 0.6359282201769182 -0.12142057874602298 0.1644090314045694 2
HH0490-rgb_2016_12_26_21_0_0 1220 1.4983704442446373 1.2435758714375447 -0.5755385153659258 -0.21693019800741914 -0.36464140102992676 0.9899765434985962 0.4033069750677559 2
HH0490-rgb_2016_12_26_21_0_0 300 1.5699288413000791 1.4658297220443544 -0.6378484249967477 0.1929857459387916 -1.1650970979954027 0.1564287018151318 -0.1768737452571257 2
HH0490-rgb_2016_12_26_21_0_0 2265 1.4029592481707147 1.3547027967409495 -0.5616918687812987 -0.1785005782624619 0.43581429593554916 0.7121272629374414 0.33505041973541694 2
HH0490-rgb_2016_12_26_21_0_0 1750 1.3314008511152728 1.2065335630030762 -0.5582302071351419 -0.15288083176582373 0.035586447452811226 0.9899765434985962 -0.2110020229232952 2
HH0490-rgb_2016_12_26_21_0_0 2305 1.3314008511152728 1.3547027967409495 -0.5513068838428284 -0.15288083176582373 -0.16452747678855778 0.2953533420957092 0.6763331963971121 2
HH0490-rgb_2016_12_26_21_0_0 1630 1.259842454059831 1.2065335630030762 -0.5686151920736122 -0.10164133877254738 0.035586447452811226 0.4342779823762866 0.7445897517294511 2
HH0490-rgb_2016_12_26_21_0_0 1340 1.4029592481707147 1.0954066376996714 -0.5824618386582393 -0.1785005782624619 0.23570037169418023 1.4067504643403284 -0.5522847995849902 2
HH0490-rgb_2016_12_26_21_0_0 1430 1.4029592481707147 1.2065335630030762 -0.5686151920736122 -0.1785005782624619 0.23570037169418023 1.1289011837791736 -0.006232356926278159 2
HH0490-rgb_2016_12_26_21_0_0 2105 1.0690200619119858 1.2065335630030762 -0.5686151920736122 -0.024782099282632867 -0.16452747678855778 -0.81604378014891 0.2667938644030779 2
HH0490-rgb_2016_12_26_21_0_0 1395 1.3075480520967921 1.3547027967409495 -0.572076853719769 -0.1785005782624619 0.035586447452811226 0.2953533420957092 0.2326655867369084 2
HH0490-rgb_2016_12_26_21_0_0 1815 1.3314008511152728 1.2065335630030762 -0.5686151920736122 -0.15288083176582373 0.43581429593554916 0.9899765434985962 0.2326655867369084 2
HH0490-rgb_2016_12_26_21_0_0 1785 1.6653400373740017 1.3547027967409495 -0.5409218989043582 -0.29378943749733366 -0.7648692495126648 2.2402983060237927 0.2667938644030779 2
HH0490-rgb_2016_12_26_21_0_0 1975 1.259842454059831 1.2065335630030762 -0.5686151920736122 -0.14007095851750465 0.43581429593554916 0.9899765434985962 0.09615247607223036 2
HH0490-rgb_2016_12_26_21_0_0 1550 1.259842454059831 1.2065335630030762 -0.5686151920736122 -0.10164133877254738 -0.36464140102992676 0.017504061534554412 0.1644090314045694 2
HH0490-rgb_2016_12_26_21_0_0 2065 1.4029592481707147 1.2065335630030762 -0.5582302071351419 -0.1785005782624619 0.43581429593554916 0.8510519032180188 -0.1768737452571257 2
HH0490-rgb_2016_12_26_21_0_0 1545 1.3314008511152728 1.3547027967409495 -0.5616918687812987 -0.15288083176582373 -0.5647553252712958 0.8510519032180188 0.2326655867369084 2
HH0490-rgb_2016_12_26_21_0_0 1960 1.4029592481707147 1.2065335630030762 -0.5686151920736122 -0.21693019800741914 -0.16452747678855778 0.9899765434985962 0.47156353040009497 2
HH0490-rgb_2016_12_26_21_0_0 1790 1.5937816403185598 1.2065335630030762 -0.5582302071351419 -0.25535981775237643 -0.9649831737540339 1.8235243851820606 -0.04036063459244767 2
HH0490-rgb_2016_12_26_21_0_0 1800 1.4983704442446373 1.3547027967409495 -0.5616918687812987 -0.21693019800741914 -0.16452747678855778 1.9624490254626379 0.7104614740632816 2
HH0490-rgb_2016_12_26_21_0_0 1380 1.4983704442446373 1.2435758714375447 -0.5755385153659258 -0.21693019800741914 0.035586447452811226 1.267825824059751 0.19853730907073888 2
HH0490-rgb_2016_12_26_21_0_0 920 1.2359896550413503 1.4658297220443544 -0.617078455119807 0.23141536568374885 -0.16452747678855778 0.1564287018151318 0.19853730907073888 2
HH0490-rgb_2016_12_26_21_0_0 2110 1.1644312579859084 1.3547027967409495 -0.5409218989043582 -0.14007095851750465 -0.16452747678855778 -0.2603452190266004 0.36917869740158643 2
HH0490-rgb_2016_12_26_21_0_0 1425 1.259842454059831 1.2065335630030762 -0.5582302071351419 -0.14007095851750465 0.8360421444182872 0.9899765434985962 0.33505041973541694 2
HH0490-rgb_2016_12_26_21_0_0 1330 1.259842454059831 1.2435758714375447 -0.5755385153659258 -0.14007095851750465 -0.16452747678855778 0.5732026226568641 0.36917869740158643 2
HH0490-rgb_2016_12_26_21_0_0 1495 1.259842454059831 1.2065335630030762 -0.5374602372582014 -0.14007095851750465 1.4363839171423942 0.2953533420957092 0.36917869740158643 2
HH0490-rgb_2016_12_26_21_0_0 2375 1.259842454059831 1.2065335630030762 -0.5478452221966716 -0.10164133877254738 -0.16452747678855778 -0.3992698593071778 0.5739483633986036 2
HH0490-rgb_2016_12_26_21_0_0 1640 1.3314008511152728 1.3547027967409495 -0.5616918687812987 -0.15288083176582373 -0.16452747678855778 0.9899765434985962 0.19853730907073888 2
HH0490-rgb_2016_12_26_21_0_0 2215 1.4029592481707147 1.3547027967409495 -0.5616918687812987 -0.1785005782624619 0.6359282201769182 0.9899765434985962 0.4374352527339255 2
HH0490-rgb_2016_12_26_21_0_0 1720 1.1644312579859084 1.2435758714375447 -0.5755385153659258 -0.06321171902759012 -0.16452747678855778 -0.3992698593071778 0.09615247607223036 2
HH0490-rgb_2016_12_26_21_0_0 600 1.5937816403185598 1.3547027967409495 -0.6240017784121206 0.1929857459387916 -0.16452747678855778 0.8510519032180188 -0.24513030058946472 2
HH0490-rgb_2016_12_26_21_0_0 1250 1.3075480520967921 1.3547027967409495 -0.5513068838428284 -0.1785005782624619 0.43581429593554916 0.8510519032180188 0.33505041973541694 2
HH0490-rgb_2016_12_26_21_0_0 1245 1.3075480520967921 1.3547027967409495 -0.5616918687812987 -0.1785005782624619 0.43581429593554916 0.9899765434985962 0.30092214206924744 2
HH0490-rgb_2016_12_26_21_0_0 615 1.5937816403185598 1.4658297220443544 -0.6274634400582774 0.1929857459387916 0.43581429593554916 0.5732026226568641 -0.4498999665864818 2
HH0490-rgb_2016_12_26_21_0_0 1735 1.8323096305033661 2.836395134119681 -0.36437715495036294 -0.10164133877254738 -0.36464140102992676 -0.3992698593071778 -0.8935675762466854 2
HH0490-rgb_2016_12_26_21_0_0 2200 1.6653400373740017 1.3547027967409495 -0.5513068838428284 -0.29378943749733366 -0.16452747678855778 0.8510519032180188 1.0517442507249766 2
HH0490-rgb_2016_12_26_21_0_0 1655 1.6653400373740017 1.2065335630030762 -0.5686151920736122 -0.29378943749733366 -0.5647553252712958 1.9624490254626379 1.7001815263821973 2
HH0490-rgb_2016_12_26_21_0_0 2360 1.4029592481707147 1.2065335630030762 -0.5478452221966716 -0.14007095851750465 -0.16452747678855778 0.9899765434985962 0.8469745847279596 2
HH0490-rgb_2016_12_26_21_0_0 1480 1.2121368560228696 1.3547027967409495 -0.5513068838428284 -0.06321171902759012 0.43581429593554916 -0.5381944995877552 0.02789592073989135 2
HH0490-rgb_2016_12_26_21_0_0 1325 1.4029592481707147 1.2435758714375447 -0.5755385153659258 -0.1785005782624619 0.23570037169418023 0.9899765434985962 0.19853730907073888 2
HH0490-rgb_2016_12_26_21_0_0 2160 1.1882840570043889 1.4658297220443544 -0.5963084852428664 0.039267266958962564 -0.36464140102992676 -0.81604378014891 0.1644090314045694 2
HH0490-rgb_2016_12_26_21_0_0 1455 1.1644312579859084 1.3547027967409495 -0.5616918687812987 -0.10164133877254738 0.23570037169418023 -0.5381944995877552 0.2667938644030779 2
HH0490-rgb_2016_12_26_21_0_0 575 1.5937816403185598 1.4658297220443544 -0.6274634400582774 0.1929857459387916 0.43581429593554916 0.9899765434985962 -0.2110020229232952 2
HH0490-rgb_2016_12_26_21_0_0 1870 1.4029592481707147 1.0954066376996714 -0.572076853719769 -0.1785005782624619 -0.16452747678855778 0.9899765434985962 -0.04036063459244767 2
HH0490-rgb_2016_12_26_21_0_0 1680 1.3314008511152728 1.0954066376996714 -0.572076853719769 -0.11445121202086647 0.23570037169418023 0.8510519032180188 -0.006232356926278159 2
HH0490-rgb_2016_12_26_21_0_0 415 1.259842454059831 1.3547027967409495 -0.6343867633505909 0.23141536568374885 -1.3652110222367717 -0.12142057874602298 -0.10861718992478668 2
HH0490-rgb_2016_12_26_21_0_0 1910 1.4029592481707147 1.2065335630030762 -0.5686151920736122 -0.1785005782624619 0.035586447452811226 1.267825824059751 -0.24513030058946472 2
HH0490-rgb_2016_12_26_21_0_0 2000 1.4983704442446373 1.2065335630030762 -0.5686151920736122 -0.1785005782624619 0.23570037169418023 0.8510519032180188 0.47156353040009497 2
HH0490-rgb_2016_12_26_21_0_0 1535 1.1644312579859084 1.3547027967409495 -0.5616918687812987 -0.10164133877254738 -0.16452747678855778 -0.12142057874602298 0.539820085732434 2
HH0490-rgb_2016_12_26_21_0_0 1290 1.4029592481707147 1.2065335630030762 -0.5686151920736122 -0.21693019800741914 -0.36464140102992676 1.8235243851820606 -0.07448891225861717 2
HH0490-rgb_2016_12_26_21_0_0 1285 1.4983704442446373 1.3547027967409495 -0.5513068838428284 -0.21693019800741914 0.23570037169418023 1.6845997449014831 0.4374352527339255 2
HH0490-rgb_2016_12_26_21_0_0 1520 1.259842454059831 1.2065335630030762 -0.5686151920736122 -0.10164133877254738 0.43581429593554916 0.5732026226568641 0.4033069750677559 2
HH0490-rgb_2016_12_26_21_0_0 2015 1.4029592481707147 1.2065335630030762 -0.5582302071351419 -0.1785005782624619 0.43581429593554916 1.4067504643403284 0.47156353040009497 2
HH0490-rgb_2016_12_26_21_0_0 1905 1.3314008511152728 1.2065335630030762 -0.5686151920736122 -0.15288083176582373 0.23570037169418023 0.7121272629374414 -0.006232356926278159 2
HH0490-rgb_2016_12_26_21_0_0 1695 1.259842454059831 1.2065335630030762 -0.5686151920736122 -0.10164133877254738 -0.16452747678855778 0.017504061534554412 -0.04036063459244767 2
HH0490-rgb_2016_12_26_21_0_0 1865 1.4983704442446373 1.2065335630030762 -0.5686151920736122 -0.1785005782624619 -0.36464140102992676 1.1289011837791736 0.09615247607223036 2
HH0490-rgb_2016_12_26_21_0_0 560 1.5937816403185598 1.4658297220443544 -0.6274634400582774 0.1929857459387916 0.43581429593554916 0.7121272629374414 -0.38164341125414275 2
HH0490-rgb_2016_12_26_21_0_0 1440 1.259842454059831 1.2065335630030762 -0.5582302071351419 -0.10164133877254738 0.6359282201769182 0.7121272629374414 0.30092214206924744 2
HH0490-rgb_2016_12_26_21_0_0 2175 1.6176344393370405 1.7621681895201007 -0.617078455119807 0.039267266958962564 0.8360421444182872 0.5732026226568641 -0.1427454675909562 2
HH0490-rgb_2016_12_26_21_0_0 1450 1.1644312579859084 1.2065335630030762 -0.5686151920736122 -0.10164133877254738 0.23570037169418023 0.017504061534554412 0.2667938644030779 2
HH0490-rgb_2016_12_26_21_0_0 2165 1.641487238355521 1.7621681895201007 -0.5963084852428664 0.01364752046232439 -1.76543887071951 0.4342779823762866 0.9834876953926377 2
HH0490-rgb_2016_12_26_21_0_0 570 1.5937816403185598 1.4658297220443544 -0.6274634400582774 0.1929857459387916 0.23570037169418023 0.7121272629374414 -0.04036063459244767 2
HH0490-rgb_2016_12_26_21_0_0 1685 1.259842454059831 1.2065335630030762 -0.5686151920736122 -0.10164133877254738 0.43581429593554916 0.017504061534554412 -0.006232356926278159 2
HH0490-rgb_2016_12_26_21_0_0 1875 1.4983704442446373 1.0954066376996714 -0.572076853719769 -0.1785005782624619 -0.9649831737540339 0.9899765434985962 -0.38164341125414275 2
HH0490-rgb_2016_12_26_21_0_0 410 1.4268120471891954 1.4658297220443544 -0.6274634400582774 0.2698449854287061 -0.7648692495126648 0.017504061534554412 -0.31338685592180376 2
HH0490-rgb_2016_12_26_21_0_0 1915 1.259842454059831 1.2065335630030762 -0.5686151920736122 -0.14007095851750465 0.23570037169418023 0.8510519032180188 0.09615247607223036 2
HH0490-rgb_2016_12_26_21_0_0 1530 1.259842454059831 1.2065335630030762 -0.5686151920736122 -0.06321171902759012 0.43581429593554916 0.017504061534554412 0.33505041973541694 2
HH0490-rgb_2016_12_26_21_0_0 2005 1.4983704442446373 1.2065335630030762 -0.5686151920736122 -0.1785005782624619 0.43581429593554916 1.6845997449014831 1.1200008060573157 2
HH0490-rgb_2016_12_26_21_0_0 2005 nan nan nan nan nan nan nan 0
HH0490-rgb_2016_12_26_21_0_0 1295 1.4029592481707147 1.2435758714375447 -0.5963084852428664 -0.1785005782624619 0.43581429593554916 0.9899765434985962 -0.4840282442526513 2
HH0490-rgb_2016_12_26_21_0_0 1280 1.4029592481707147 1.3547027967409495 -0.5513068838428284 -0.21693019800741914 0.23570037169418023 0.2953533420957092 0.1644090314045694 2
HH0490-rgb_2016_12_26_21_0_0 2010 1.4029592481707147 1.3547027967409495 -0.5616918687812987 -0.1785005782624619 0.6359282201769182 0.9899765434985962 0.4033069750677559 2
HH0490-rgb_2016_12_26_21_0_0 1525 1.259842454059831 1.2065335630030762 -0.5686151920736122 -0.10164133877254738 0.8360421444182872 0.8510519032180188 0.5056918080662645 2
HH0490-rgb_2016_12_26_21_0_0 1900 1.4029592481707147 1.2065335630030762 -0.5686151920736122 -0.14007095851750465 -0.16452747678855778 0.8510519032180188 -0.07448891225861717 2
HH0490-rgb_2016_12_26_21_0_0 405 1.4268120471891954 1.4658297220443544 -0.6274634400582774 0.2698449854287061 -0.9649831737540339 0.017504061534554412 0.02789592073989135 2
HH0490-rgb_2016_12_26_21_0_0 1860 1.4983704442446373 1.2065335630030762 -0.5686151920736122 -0.1785005782624619 -0.16452747678855778 0.9899765434985962 -0.10861718992478668 2
HH0490-rgb_2016_12_26_21_0_0 1690 1.259842454059831 1.2065335630030762 -0.5686151920736122 -0.10164133877254738 0.23570037169418023 -0.12142057874602298 0.19853730907073888 2
HH0490-rgb_2016_12_26_21_0_0 565 1.5937816403185598 1.4658297220443544 -0.6274634400582774 0.1929857459387916 0.23570037169418023 0.7121272629374414 -0.07448891225861717 2
HH0490-rgb_2016_12_26_21_0_0 2170 1.4506648462076759 1.6139989557822274 -0.6205401167659638 0.07769688670391982 1.6364978413837632 0.5732026226568641 0.30092214206924744 2
HH0490-rgb_2016_12_26_21_0_0 1445 1.1644312579859084 1.2065335630030762 -0.5582302071351419 -0.10164133877254738 0.23570037169418023 0.1564287018151318 0.2326655867369084 2
HH0490-rgb_2016_12_26_21_0_0 1335 1.259842454059831 1.3547027967409495 -0.5824618386582393 -0.14007095851750465 0.23570037169418023 0.5732026226568641 0.09615247607223036 2
HH0490-rgb_2016_12_26_21_0_0 1490 1.259842454059831 1.2065335630030762 -0.5374602372582014 -0.14007095851750465 1.2362699929010252 1.1289011837791736 1.0176159730588072 2
HH0490-rgb_2016_12_26_21_0_0 1645 1.4029592481707147 1.2065335630030762 -0.5686151920736122 -0.1785005782624619 0.23570037169418023 1.6845997449014831 -0.07448891225861717 2
HH0490-rgb_2016_12_26_21_0_0 2370 1.3314008511152728 1.2065335630030762 -0.5478452221966716 -0.15288083176582373 -0.16452747678855778 1.1289011837791736 0.8469745847279596 2
HH0490-rgb_2016_12_26_21_0_0 1725 1.3314008511152728 1.2065335630030762 -0.5686151920736122 -0.15288083176582373 0.035586447452811226 0.8510519032180188 0.47156353040009497 2
HH0490-rgb_2016_12_26_21_0_0 2210 1.4983704442446373 1.2065335630030762 -0.5582302071351419 -0.25535981775237643 0.035586447452811226 1.4067504643403284 1.0517442507249766 2
HH0490-rgb_2016_12_26_21_0_0 375 1.4029592481707147 1.4658297220443544 -0.6274634400582774 0.23141536568374885 -0.36464140102992676 0.1564287018151318 -0.006232356926278159 2
HH0490-rgb_2016_12_26_21_0_0 1255 1.3075480520967921 1.2065335630030762 -0.5582302071351419 -0.1785005782624619 0.035586447452811226 1.1289011837791736 0.36917869740158643 2
HH0490-rgb_2016_12_26_21_0_0 610 1.5937816403185598 1.4658297220443544 -0.6274634400582774 0.1929857459387916 0.43581429593554916 0.5732026226568641 -0.7570544655820073 2
HH0490-rgb_2016_12_26_21_0_0 1240 1.3075480520967921 1.3547027967409495 -0.5616918687812987 -0.1785005782624619 0.23570037169418023 0.7121272629374414 0.33505041973541694 2
HH0490-rgb_2016_12_26_21_0_0 2205 1.5937816403185598 1.2065335630030762 -0.5582302071351419 -0.29378943749733366 -0.16452747678855778 0.8510519032180188 1.1882573613896548 2
HH0490-rgb_2016_12_26_21_0_0 360 1.5937816403185598 1.4658297220443544 -0.6274634400582774 0.23141536568374885 -0.5647553252712958 0.4342779823762866 -0.2110020229232952 2
HH0490-rgb_2016_12_26_21_0_0 1730 1.8323096305033661 2.836395134119681 -0.35399217001189265 -0.10164133877254738 -0.16452747678855778 -0.2603452190266004 -0.1768737452571257 2
HH0490-rgb_2016_12_26_21_0_0 2365 1.3314008511152728 1.3547027967409495 -0.5513068838428284 -0.15288083176582373 -0.36464140102992676 0.2953533420957092 0.5739483633986036 2
HH0490-rgb_2016_12_26_21_0_0 1650 1.4983704442446373 1.2065335630030762 -0.5686151920736122 -0.21693019800741914 -0.9649831737540339 1.6845997449014831 0.539820085732434 2
HH0490-rgb_2016_12_26_21_0_0 1485 1.2121368560228696 1.3547027967409495 -0.5409218989043582 -0.06321171902759012 0.23570037169418023 -0.5381944995877552 0.09615247607223036 2
HH0490-rgb_2016_12_26_21_0_0 1320 1.4983704442446373 1.2435758714375447 -0.5755385153659258 -0.1785005782624619 -0.36464140102992676 0.8510519032180188 0.4033069750677559 2
HH0490-rgb_2016_12_26_21_0_0 1305 1.4983704442446373 1.2435758714375447 -0.5859235003043961 -0.21693019800741914 -0.36464140102992676 1.4067504643403284 0.13028075373839987 2
HH0490-rgb_2016_12_26_21_0_0 2195 1.6653400373740017 1.4658297220443544 -0.5755385153659258 -0.25535981775237643 -0.5647553252712958 1.4067504643403284 0.6763331963971121 2
HH0490-rgb_2016_12_26_21_0_0 2340 1.3314008511152728 1.3547027967409495 -0.5513068838428284 -0.15288083176582373 -0.16452747678855778 0.5732026226568641 0.9834876953926377 2
HH0490-rgb_2016_12_26_21_0_0 1885 1.4983704442446373 1.0954066376996714 -0.572076853719769 -0.1785005782624619 -0.5647553252712958 1.4067504643403284 0.06202419840606086 2
HH0490-rgb_2016_12_26_21_0_0 1675 1.259842454059831 1.2435758714375447 -0.5755385153659258 -0.10164133877254738 -0.36464140102992676 -0.5381944995877552 0.19853730907073888 2
HH0490-rgb_2016_12_26_21_0_0 580 1.5937816403185598 1.3547027967409495 -0.6240017784121206 0.1929857459387916 0.23570037169418023 0.9899765434985962 -0.34751513358797326 2
HH0490-rgb_2016_12_26_21_0_0 2220 1.4029592481707147 1.3547027967409495 -0.5616918687812987 -0.1785005782624619 -0.16452747678855778 0.4342779823762866 0.7104614740632816 2
HH0490-rgb_2016_12_26_21_0_0 1715 1.3314008511152728 1.2435758714375447 -0.5755385153659258 -0.11445121202086647 0.43581429593554916 0.8510519032180188 -0.41577168892031224 2
HH0490-rgb_2016_12_26_21_0_0 635 1.4268120471891954 1.4658297220443544 -0.6274634400582774 0.1929857459387916 0.23570037169418023 0.2953533420957092 -0.4498999665864818 2
HH0490-rgb_2016_12_26_21_0_0 1265 1.6653400373740017 1.3547027967409495 -0.5616918687812987 -0.29378943749733366 -0.7648692495126648 1.9624490254626379 0.4374352527339255 2
HH0490-rgb_2016_12_26_21_0_0 1270 1.5937816403185598 1.2065335630030762 -0.5582302071351419 -0.25535981775237643 -0.7648692495126648 1.8235243851820606 0.539820085732434 2
HH0490-rgb_2016_12_26_21_0_0 620 1.5937816403185598 1.3547027967409495 -0.6240017784121206 0.1929857459387916 0.23570037169418023 0.9899765434985962 -0.8935675762466854 2
HH0490-rgb_2016_12_26_21_0_0 1700 1.3314008511152728 1.2065335630030762 -0.5686151920736122 -0.15288083176582373 -0.16452747678855778 0.9899765434985962 0.2326655867369084 2
HH0490-rgb_2016_12_26_21_0_0 350 1.4029592481707147 1.4658297220443544 -0.6274634400582774 0.23141536568374885 -0.7648692495126648 0.017504061534554412 -0.2110020229232952 2
HH0490-rgb_2016_12_26_21_0_0 2235 1.4029592481707147 1.3547027967409495 -0.5616918687812987 -0.1785005782624619 -0.16452747678855778 0.5732026226568641 0.2326655867369084 2
HH0490-rgb_2016_12_26_21_0_0 595 1.5937816403185598 1.4658297220443544 -0.6274634400582774 0.1929857459387916 -0.16452747678855778 0.7121272629374414 -0.07448891225861717 2
HH0490-rgb_2016_12_26_21_0_0 1660 1.5937816403185598 1.2065335630030762 -0.5686151920736122 -0.21693019800741914 0.035586447452811226 2.3792229463043704 0.2326655867369084 2
HH0490-rgb_2016_12_26_21_0_0 2355 1.3314008511152728 1.3547027967409495 -0.5513068838428284 -0.15288083176582373 0.43581429593554916 0.9899765434985962 0.7104614740632816 2
HH0490-rgb_2016_12_26_21_0_0 1890 1.4029592481707147 1.2065335630030762 -0.5686151920736122 -0.1785005782624619 -0.16452747678855778 1.6845997449014831 -0.04036063459244767 2
HH0490-rgb_2016_12_26_21_0_0 2180 1.4745176452261566 1.6139989557822274 -0.5997701468890232 -0.03759197253095195 1.6364978413837632 0.5732026226568641 0.36917869740158643 2
HH0490-rgb_2016_12_26_21_0_0 1310 1.259842454059831 1.2435758714375447 -0.5859235003043961 -0.14007095851750465 -0.16452747678855778 0.017504061534554412 0.2326655867369084 2
HH0490-rgb_2016_12_26_21_0_0 2155 1.2836952530783114 1.7621681895201007 -0.6066934701813367 0.039267266958962564 -0.9649831737540339 -0.5381944995877552 0.33505041973541694 2
HH0490-rgb_2016_12_26_21_0_0 1460 1.1644312579859084 1.2065335630030762 -0.5686151920736122 -0.10164133877254738 0.8360421444182872 -0.12142057874602298 0.06202419840606086 2
HH0490-rgb_2016_12_26_21_0_0 795 1.4029592481707147 1.4658297220443544 -0.617078455119807 0.1929857459387916 -0.7648692495126648 0.1564287018151318 -0.38164341125414275 2
HH0490-rgb_2016_12_26_21_0_0 540 1.5937816403185598 1.4658297220443544 -0.6274634400582774 0.15455612619383433 -0.16452747678855778 0.8510519032180188 -0.006232356926278159 2
HH0490-rgb_2016_12_26_21_0_0 1845 1.4983704442446373 1.2065335630030762 -0.5686151920736122 -0.21693019800741914 -0.5647553252712958 1.8235243851820606 0.33505041973541694 2
HH0490-rgb_2016_12_26_21_0_0 2380 1.2121368560228696 1.3547027967409495 -0.5513068838428284 -0.10164133877254738 -0.16452747678855778 -0.6771191398683326 0.7445897517294511 2
HH0490-rgb_2016_12_26_21_0_0 420 1.4268120471891954 1.6139989557822274 -0.630925101704434 0.1929857459387916 -0.16452747678855778 0.1564287018151318 0.06202419840606086 2
HH0490-rgb_2016_12_26_21_0_0 1925 1.3075480520967921 1.2065335630030762 -0.5686151920736122 -0.1785005782624619 0.43581429593554916 0.9899765434985962 0.33505041973541694 2
HH0490-rgb_2016_12_26_21_0_0 2035 1.4029592481707147 1.2065335630030762 -0.5478452221966716 -0.1785005782624619 0.8360421444182872 1.5456751046209058 0.4033069750677559 2
HH0490-rgb_2016_12_26_21_0_0 1500 1.3075480520967921 1.2065335630030762 -0.5374602372582014 -0.1785005782624619 0.6359282201769182 0.9899765434985962 0.6763331963971121 2
HH0490-rgb_2016_12_26_21_0_0 810 1.259842454059831 1.2065335630030762 -0.6274634400582774 0.15455612619383433 0.23570037169418023 0.5732026226568641 -0.006232356926278159 2
HH0490-rgb_2016_12_26_21_0_0 1515 1.3314008511152728 1.3547027967409495 -0.5513068838428284 -0.15288083176582373 0.6359282201769182 0.7121272629374414 0.19853730907073888 2
HH0490-rgb_2016_12_26_21_0_0 2020 1.4983704442446373 1.2065335630030762 -0.5582302071351419 -0.1785005782624619 0.43581429593554916 1.1289011837791736 0.5056918080662645 2
HH0490-rgb_2016_12_26_21_0_0 390 1.4029592481707147 1.4658297220443544 -0.6274634400582774 0.2698449854287061 -0.5647553252712958 0.017504061534554412 0.06202419840606086 2
HH0490-rgb_2016_12_26_21_0_0 1930 1.4029592481707147 1.2435758714375447 -0.5755385153659258 -0.1785005782624619 0.8360421444182872 0.4342779823762866 0.30092214206924744 2
HH0490-rgb_2016_12_26_21_0_0 435 1.4029592481707147 1.4658297220443544 -0.6378484249967477 0.23141536568374885 -0.5647553252712958 0.2953533420957092 -0.2792585782556342 2
HH0490-rgb_2016_12_26_21_0_0 1850 1.4983704442446373 1.2065335630030762 -0.5686151920736122 -0.21693019800741914 -0.9649831737540339 1.267825824059751 0.1644090314045694 2
HH0490-rgb_2016_12_26_21_0_0 1850 0.019496905098837718 -1.0160049430650215 1.1206756912508906 -2.72766535467796 -0.16452747678855778 0.1564287018151318 1.2565139167219936 1
HH0490-rgb_2016_12_26_21_0_0 2395 1.4029592481707147 1.2065335630030762 -0.5582302071351419 -0.14007095851750465 0.43581429593554916 0.9899765434985962 0.8128463070617901 2
HH0490-rgb_2016_12_26_21_0_0 555 1.5937816403185598 1.4658297220443544 -0.6274634400582774 0.1929857459387916 0.43581429593554916 0.8510519032180188 -0.1768737452571257 2
HH0490-rgb_2016_12_26_21_0_0 1475 1.0690200619119858 1.2065335630030762 -0.5686151920736122 -0.06321171902759012 0.035586447452811226 -0.5381944995877552 0.2326655867369084 2
HH0490-rgb_2016_12_26_21_0_0 2140 2.309365610872979 2.2066758907337203 -0.6343867633505909 -0.06321171902759012 -1.1650970979954027 0.7121272629374414 0.7445897517294511 2
HH0490-rgb_2016_12_26_21_0_0 1465 1.1644312579859084 1.2065335630030762 -0.5686151920736122 -0.10164133877254738 0.6359282201769182 0.4342779823762866 0.2326655867369084 2
HH0490-rgb_2016_12_26_21_0_0 2150 1.0690200619119858 1.3547027967409495 -0.5928468235967096 -0.06321171902759012 0.8360421444182872 -0.5381944995877552 0.539820085732434 2
HH0490-rgb_2016_12_26_21_0_0 1840 1.3075480520967921 1.2065335630030762 -0.5686151920736122 -0.1785005782624619 0.43581429593554916 1.1289011837791736 0.09615247607223036 2
HH0490-rgb_2016_12_26_21_0_0 2385 1.3314008511152728 1.2065335630030762 -0.5478452221966716 -0.15288083176582373 0.035586447452811226 0.9899765434985962 1.2906421943881632 2
HH0490-rgb_2016_12_26_21_0_0 425 1.4029592481707147 1.6139989557822274 -0.630925101704434 0.23141536568374885 -0.9649831737540339 -0.12142057874602298 0.1644090314045694 2
HH0490-rgb_2016_12_26_21_0_0 380 1.259842454059831 1.3547027967409495 -0.6240017784121206 0.2698449854287061 -1.3652110222367717 0.017504061534554412 0.1644090314045694 2
HH0490-rgb_2016_12_26_21_0_0 1920 1.3075480520967921 1.3547027967409495 -0.5616918687812987 -0.1785005782624619 0.035586447452811226 0.5732026226568641 -0.31338685592180376 2
HH0490-rgb_2016_12_26_21_0_0 1505 1.4029592481707147 1.2065335630030762 -0.5478452221966716 -0.1785005782624619 0.8360421444182872 1.267825824059751 -0.10861718992478668 2
HH0490-rgb_2016_12_26_21_0_0 2030 1.3075480520967921 1.2065335630030762 -0.5478452221966716 -0.1785005782624619 1.0361560686596563 1.1289011837791736 0.7104614740632816 2
HH0490-rgb_2016_12_26_21_0_0 2030 0.16261369920972155 -0.8307934008926801 1.113752367958577 -2.6508061151880455 -0.36464140102992676 -0.12142057874602298 0.7787180293956206 1
HH0490-rgb_2016_12_26_21_0_0 2025 1.3075480520967921 1.3547027967409495 -0.5513068838428284 -0.1785005782624619 0.23570037169418023 1.267825824059751 0.8128463070617901 2
HH0490-rgb_2016_12_26_21_0_0 1510 1.259842454059831 1.2065335630030762 -0.5478452221966716 -0.14007095851750465 1.0361560686596563 0.9899765434985962 0.5056918080662645 2
HH0490-rgb_2016_12_26_21_0_0 1935 1.4029592481707147 1.2435758714375447 -0.5755385153659258 -0.1785005782624619 -0.16452747678855778 0.9899765434985962 0.36917869740158643 2
HH0490-rgb_2016_12_26_21_0_0 1855 1.4029592481707147 1.2065335630030762 -0.5686151920736122 -0.1785005782624619 0.23570037169418023 1.5456751046209058 -0.38164341125414275 2
HH0490-rgb_2016_12_26_21_0_0 2390 1.4029592481707147 1.3547027967409495 -0.5513068838428284 -0.1785005782624619 -0.16452747678855778 0.9899765434985962 0.5739483633986036 2
HH0490-rgb_2016_12_26_21_0_0 2145 1.8323096305033661 1.3547027967409495 -0.5928468235967096 -0.024782099282632867 -1.1650970979954027 0.8510519032180188 0.33505041973541694 2
HH0490-rgb_2016_12_26_21_0_0 1470 1.1644312579859084 1.2065335630030762 -0.5686151920736122 -0.10164133877254738 0.23570037169418023 0.2953533420957092 0.30092214206924744 2
HH0490-rgb_2016_12_26_21_0_0 1300 1.3075480520967921 1.3547027967409495 -0.5928468235967096 -0.1785005782624619 -0.16452747678855778 0.9899765434985962 0.30092214206924744 2
HH0490-rgb_2016_12_26_21_0_0 2190 1.4983704442446373 1.2435758714375447 -0.5755385153659258 -0.21693019800741914 -0.5647553252712958 0.8510519032180188 0.7787180293956206 2
HH0490-rgb_2016_12_26_21_0_0 1670 1.3314008511152728 1.2435758714375447 -0.5755385153659258 -0.15288083176582373 0.23570037169418023 0.9899765434985962 -0.4840282442526513 2
HH0490-rgb_2016_12_26_21_0_0 2345 1.259842454059831 1.3547027967409495 -0.5513068838428284 -0.10164133877254738 -0.36464140102992676 0.017504061534554412 0.7104614740632816 2
HH0490-rgb_2016_12_26_21_0_0 1880 1.4983704442446373 1.0954066376996714 -0.572076853719769 -0.21693019800741914 -1.1650970979954027 1.8235243851820606 -0.2110020229232952 2
HH0490-rgb_2016_12_26_21_0_0 1710 1.2359896550413503 1.2435758714375447 -0.5755385153659258 -0.07602159227590921 -0.16452747678855778 0.1564287018151318 0.13028075373839987 2
HH0490-rgb_2016_12_26_21_0_0 2225 1.3075480520967921 1.3547027967409495 -0.5616918687812987 -0.1785005782624619 0.23570037169418023 0.5732026226568641 0.47156353040009497 2
HH0490-rgb_2016_12_26_21_0_0 1260 1.4983704442446373 1.2065335630030762 -0.5582302071351419 -0.25535981775237643 0.035586447452811226 2.1013736657432154 0.6763331963971121 2
HH0490-rgb_2016_12_26_21_0_0 630 1.5699288413000791 1.4658297220443544 -0.6274634400582774 0.1929857459387916 -0.16452747678855778 0.8510519032180188 -0.6205413549173292 2
HH0490-rgb_2016_12_26_21_0_0 625 1.5937816403185598 1.4658297220443544 -0.6274634400582774 0.23141536568374885 0.23570037169418023 0.2953533420957092 -0.4840282442526513 2
HH0490-rgb_2016_12_26_21_0_0 1275 1.4983704442446373 1.3547027967409495 -0.5616918687812987 -0.21693019800741914 0.23570037169418023 1.4067504643403284 0.2667938644030779 2
HH0490-rgb_2016_12_26_21_0_0 2230 1.4029592481707147 1.3547027967409495 -0.5616918687812987 -0.1785005782624619 0.43581429593554916 0.9899765434985962 0.4033069750677559 2
HH0490-rgb_2016_12_26_21_0_0 1705 1.259842454059831 1.2065335630030762 -0.5686151920736122 -0.10164133877254738 -0.16452747678855778 -0.12142057874602298 0.06202419840606086 2
HH0490-rgb_2016_12_26_21_0_0 590 1.5937816403185598 1.4658297220443544 -0.6274634400582774 0.23141536568374885 0.035586447452811226 0.2953533420957092 -0.1768737452571257 2
HH0490-rgb_2016_12_26_21_0_0 2350 1.4029592481707147 1.2065335630030762 -0.5582302071351419 -0.14007095851750465 -0.16452747678855778 0.9899765434985962 1.4954118603851803 2
HH0490-rgb_2016_12_26_21_0_0 1895 1.3314008511152728 1.2065335630030762 -0.5686151920736122 -0.15288083176582373 0.035586447452811226 0.5732026226568641 -0.4840282442526513 2
HH0490-rgb_2016_12_26_21_0_0 1665 1.4029592481707147 1.0954066376996714 -0.572076853719769 -0.1785005782624619 0.035586447452811226 1.5456751046209058 -0.1427454675909562 2
HH0490-rgb_2016_12_26_21_0_0 2185 1.4029592481707147 1.4658297220443544 -0.5963084852428664 -0.14007095851750465 0.43581429593554916 -0.12142057874602298 -0.07448891225861717 2
HH0490-rgb_2016_12_26_21_0_0 1315 1.3314008511152728 1.2435758714375447 -0.5859235003043961 -0.15288083176582373 -0.16452747678855778 0.5732026226568641 0.539820085732434 2
HH0490-rgb_2016_12_26_21_0_0 2135 1.4029592481707147 1.4658297220443544 -0.5547685454889852 -0.1785005782624619 -0.36464140102992676 0.9899765434985962 0.30092214206924744 2
HH0490-rgb_2016_12_26_21_0_0 1400 1.4029592481707147 1.0954066376996714 -0.5824618386582393 -0.21693019800741914 0.6359282201769182 1.267825824059751 0.2667938644030779 2
HH0490-rgb_2016_12_26_21_0_0 905 1.0928728609304663 1.4658297220443544 -0.617078455119807 0.1929857459387916 -0.5647553252712958 0.1564287018151318 0.19853730907073888 2
HH0490-rgb_2016_12_26_21_0_0 1825 1.3314008511152728 1.2065335630030762 -0.5686151920736122 -0.15288083176582373 -0.16452747678855778 0.7121272629374414 -0.24513030058946472 2
HH0490-rgb_2016_12_26_21_0_0 1945 1.259842454059831 1.0954066376996714 -0.572076853719769 -0.10164133877254738 0.8360421444182872 0.2953533420957092 -0.07448891225861717 2
HH0490-rgb_2016_12_26_21_0_0 2280 1.4029592481707147 1.3547027967409495 -0.5513068838428284 -0.1785005782624619 0.43581429593554916 0.7121272629374414 0.9493594177264681 2
HH0490-rgb_2016_12_26_21_0_0 2055 1.4029592481707147 1.2065335630030762 -0.5582302071351419 -0.1785005782624619 -0.16452747678855778 1.4067504643403284 -0.1768737452571257 2
HH0490-rgb_2016_12_26_21_0_0 2055 0.21031929724668283 -0.9419203261960849 1.127599014543204 -2.6892357349330025 -0.16452747678855778 0.2953533420957092 1.4271553050528412 1
HH0490-rgb_2016_12_26_21_0_0 1560 1.1644312579859084 1.3547027967409495 -0.5616918687812987 -0.14007095851750465 -0.16452747678855778 0.017504061534554412 0.2326655867369084 2
HH0490-rgb_2016_12_26_21_0_0 695 1.259842454059831 1.4658297220443544 -0.6274634400582774 0.15455612619383433 -0.16452747678855778 0.5732026226568641 -0.6887979102496683 2
HH0490-rgb_2016_12_26_21_0_0 870 1.259842454059831 1.3547027967409495 -0.6136167934736503 0.23141536568374885 0.23570037169418023 0.1564287018151318 0.2326655867369084 2
HH0490-rgb_2016_12_26_21_0_0 680 1.2836952530783114 1.4658297220443544 -0.6274634400582774 0.11612650644887708 0.23570037169418023 0.7121272629374414 -0.9276958539128548 2
HH0490-rgb_2016_12_26_21_0_0 1575 1.259842454059831 1.2065335630030762 -0.5686151920736122 -0.10164133877254738 0.6359282201769182 0.5732026226568641 0.36917869740158643 2
HH0490-rgb_2016_12_26_21_0_0 2040 1.4029592481707147 1.3547027967409495 -0.5513068838428284 -0.1785005782624619 0.6359282201769182 1.267825824059751 0.2667938644030779 2
HH0490-rgb_2016_12_26_21_0_0 1950 1.4029592481707147 1.2065335630030762 -0.5686151920736122 -0.1785005782624619 0.035586447452811226 0.9899765434985962 0.09615247607223036 2
HH0490-rgb_2016_12_26_21_0_0 2295 1.3314008511152728 1.2065335630030762 -0.5582302071351419 -0.15288083176582373 -0.16452747678855778 1.267825824059751 1.0176159730588072 2
HH0490-rgb_2016_12_26_21_0_0 455 1.4029592481707147 1.4658297220443544 -0.6274634400582774 0.23141536568374885 -0.5647553252712958 0.2953533420957092 -0.10861718992478668 2
HH0490-rgb_2016_12_26_21_0_0 1830 1.3314008511152728 1.2065335630030762 -0.5686151920736122 -0.15288083176582373 -0.16452747678855778 0.7121272629374414 -0.07448891225861717 2
HH0490-rgb_2016_12_26_21_0_0 535 1.5937816403185598 1.4658297220443544 -0.6274634400582774 0.1929857459387916 -0.5647553252712958 0.1564287018151318 -0.1427454675909562 2
HH0490-rgb_2016_12_26_21_0_0 910 1.259842454059831 1.4658297220443544 -0.617078455119807 0.23141536568374885 -0.16452747678855778 0.4342779823762866 -0.07448891225861717 2
HH0490-rgb_2016_12_26_21_0_0 1415 1.259842454059831 1.2065335630030762 -0.5686151920736122 -0.14007095851750465 0.6359282201769182 0.7121272629374414 0.6422049187309425 2
HH0490-rgb_2016_12_26_21_0_0 2120 1.1644312579859084 1.3547027967409495 -0.5513068838428284 -0.10164133877254738 0.035586447452811226 -1.2328177009906423 0.33505041973541694 2
HH0490-rgb_2016_12_26_21_0_0 1365 1.3075480520967921 1.0954066376996714 -0.5824618386582393 -0.1785005782624619 -0.16452747678855778 1.1289011837791736 0.7445897517294511 2
HH0490-rgb_2016_12_26_21_0_0 2320 1.3314008511152728 1.4658297220443544 -0.5547685454889852 -0.15288083176582373 -0.5647553252712958 0.1564287018151318 0.5056918080662645 2
HH0490-rgb_2016_12_26_21_0_0 1615 1.2359896550413503 1.0954066376996714 -0.572076853719769 -0.07602159227590921 0.43581429593554916 0.4342779823762866 0.33505041973541694 2
HH0490-rgb_2016_12_26_21_0_0 2240 1.4983704442446373 1.2065335630030762 -0.5582302071351419 -0.1785005782624619 -0.16452747678855778 0.8510519032180188 0.1644090314045694 2
HH0490-rgb_2016_12_26_21_0_0 1985 1.4983704442446373 1.3547027967409495 -0.5616918687812987 -0.21693019800741914 0.43581429593554916 1.6845997449014831 0.2326655867369084 2
HH0490-rgb_2016_12_26_21_0_0 1775 1.6653400373740017 2.9845643678575544 -0.3262988768426385 -0.07602159227590921 -0.7648692495126648 -0.2603452190266004 -0.2792585782556342 2
HH0490-rgb_2016_12_26_21_0_0 1205 1.7607512334479243 1.0954066376996714 -0.572076853719769 -0.33221905724229095 -0.16452747678855778 1.5456751046209058 0.8811028623941292 2
HH0490-rgb_2016_12_26_21_0_0 2095 1.4029592481707147 1.0954066376996714 -0.5513068838428284 -0.1785005782624619 0.035586447452811226 1.267825824059751 -0.1427454675909562 2
HH0490-rgb_2016_12_26_21_0_0 2080 1.4029592481707147 1.3547027967409495 -0.5616918687812987 -0.1785005782624619 0.43581429593554916 1.1289011837791736 0.02789592073989135 2
HH0490-rgb_2016_12_26_21_0_0 1210 1.4983704442446373 1.2065335630030762 -0.5686151920736122 -0.29378943749733366 -0.36464140102992676 1.8235243851820606 0.4374352527339255 2
HH0490-rgb_2016_12_26_21_0_0 1760 1.6653400373740017 3.0216066762920226 -0.32283721519648173 -0.03759197253095195 -1.1650970979954027 -0.2603452190266004 0.2326655867369084 2
HH0490-rgb_2016_12_26_21_0_0 2255 1.4029592481707147 1.2065335630030762 -0.5582302071351419 -0.1785005782624619 0.23570037169418023 0.8510519032180188 0.5056918080662645 2
HH0490-rgb_2016_12_26_21_0_0 1990 1.4029592481707147 1.3547027967409495 -0.5616918687812987 -0.21693019800741914 0.6359282201769182 1.267825824059751 0.09615247607223036 2
HH0490-rgb_2016_12_26_21_0_0 1600 1.1644312579859084 1.2065335630030762 -0.5686151920736122 -0.024782099282632867 0.43581429593554916 -0.3992698593071778 0.1644090314045694 2
HH0490-rgb_2016_12_26_21_0_0 2335 1.259842454059831 1.2065335630030762 -0.5582302071351419 -0.10164133877254738 -0.5647553252712958 -0.3992698593071778 0.9493594177264681 2
HH0490-rgb_2016_12_26_21_0_0 1370 1.3075480520967921 1.2435758714375447 -0.5755385153659258 -0.1785005782624619 0.035586447452811226 0.4342779823762866 0.5056918080662645 2
HH0490-rgb_2016_12_26_21_0_0 720 1.4268120471891954 1.4658297220443544 -0.6274634400582774 0.15455612619383433 0.035586447452811226 0.4342779823762866 -0.7570544655820073 2
HH0490-rgb_2016_12_26_21_0_0 1360 1.3075480520967921 1.2435758714375447 -0.5859235003043961 -0.1785005782624619 0.43581429593554916 0.9899765434985962 0.33505041973541694 2
HH0490-rgb_2016_12_26_21_0_0 1610 1.1644312579859084 1.2065335630030762 -0.5686151920736122 -0.024782099282632867 0.43581429593554916 -0.12142057874602298 0.2667938644030779 2
HH0490-rgb_2016_12_26_21_0_0 2325 1.4029592481707147 1.2065335630030762 -0.5582302071351419 -0.14007095851750465 0.23570037169418023 1.1289011837791736 1.0176159730588072 2
HH0490-rgb_2016_12_26_21_0_0 1770 1.5699288413000791 2.7623105172507447 -0.3262988768426385 -0.07602159227590921 -0.7648692495126648 -0.12142057874602298 -0.4840282442526513 2
HH0490-rgb_2016_12_26_21_0_0 2245 1.4029592481707147 1.2065335630030762 -0.5582302071351419 -0.1785005782624619 0.23570037169418023 0.8510519032180188 0.33505041973541694 2
HH0490-rgb_2016_12_26_21_0_0 1980 1.4029592481707147 1.2065335630030762 -0.5582302071351419 -0.21693019800741914 -0.16452747678855778 0.9899765434985962 -0.24513030058946472 2
HH0490-rgb_2016_12_26_21_0_0 1200 1.7607512334479243 1.0954066376996714 -0.5616918687812987 -0.33221905724229095 -0.16452747678855778 0.7121272629374414 -1.1665937975760414 2
HH0490-rgb_2016_12_26_21_0_0 2090 1.4029592481707147 1.2065335630030762 -0.5582302071351419 -0.1785005782624619 0.23570037169418023 1.4067504643403284 0.19853730907073888 2
HH0490-rgb_2016_12_26_21_0_0 1215 1.4983704442446373 1.0954066376996714 -0.572076853719769 -0.25535981775237643 -0.16452747678855778 1.1289011837791736 0.30092214206924744 2
HH0490-rgb_2016_12_26_21_0_0 490 1.5699288413000791 1.4658297220443544 -0.6274634400582774 0.1929857459387916 -0.5647553252712958 0.7121272629374414 -0.07448891225861717 2
HH0490-rgb_2016_12_26_21_0_0 2250 1.4029592481707147 1.2065335630030762 -0.5582302071351419 -0.1785005782624619 0.23570037169418023 0.9899765434985962 0.2667938644030779 2
HH0490-rgb_2016_12_26_21_0_0 335 1.4029592481707147 1.6139989557822274 -0.630925101704434 0.23141536568374885 -0.9649831737540339 -0.2603452190266004 0.2326655867369084 2
HH0490-rgb_2016_12_26_21_0_0 1995 1.3075480520967921 1.2065335630030762 -0.5686151920736122 -0.1785005782624619 0.6359282201769182 1.267825824059751 0.36917869740158643 2
HH0490-rgb_2016_12_26_21_0_0 1765 1.713045635410963 2.947522059423086 -0.3262988768426385 -0.03759197253095195 -0.7648692495126648 -0.5381944995877552 -0.1768737452571257 2
HH0490-rgb_2016_12_26_21_0_0 2330 1.259842454059831 1.3547027967409495 -0.5513068838428284 -0.10164133877254738 -0.5647553252712958 -0.81604378014891 0.8811028623941292 2
HH0490-rgb_2016_12_26_21_0_0 1605 1.1644312579859084 1.2065335630030762 -0.5686151920736122 -0.024782099282632867 -0.16452747678855778 -0.5381944995877552 0.2326655867369084 2
HH0490-rgb_2016_12_26_21_0_0 725 1.4268120471891954 1.4658297220443544 -0.6274634400582774 0.15455612619383433 0.035586447452811226 0.7121272629374414 -0.8935675762466854 2
HH0490-rgb_2016_12_26_21_0_0 1375 1.3075480520967921 1.2435758714375447 -0.5755385153659258 -0.1785005782624619 0.035586447452811226 0.2953533420957092 0.4033069750677559 2
HH0490-rgb_2016_12_26_21_0_0 1405 1.4029592481707147 1.3547027967409495 -0.5928468235967096 -0.1785005782624619 0.6359282201769182 0.9899765434985962 0.19853730907073888 2
HH0490-rgb_2016_12_26_21_0_0 2130 1.3075480520967921 1.3547027967409495 -0.5513068838428284 -0.1785005782624619 -0.16452747678855778 0.7121272629374414 0.5056918080662645 2
HH0490-rgb_2016_12_26_21_0_0 900 1.0928728609304663 1.3547027967409495 -0.6136167934736503 0.23141536568374885 -0.5647553252712958 -0.2603452190266004 0.2326655867369084 2
HH0490-rgb_2016_12_26_21_0_0 1820 1.4029592481707147 1.2065335630030762 -0.5686151920736122 -0.1785005782624619 0.035586447452811226 1.267825824059751 -0.1768737452571257 2
HH0490-rgb_2016_12_26_21_0_0 445 1.4029592481707147 1.4658297220443544 -0.6274634400582774 0.1929857459387916 -0.16452747678855778 0.1564287018151318 -0.1427454675909562 2
HH0490-rgb_2016_12_26_21_0_0 1940 1.1644312579859084 1.2435758714375447 -0.5755385153659258 -0.06321171902759012 0.23570037169418023 -0.2603452190266004 0.33505041973541694 2
HH0490-rgb_2016_12_26_21_0_0 2285 1.4029592481707147 1.3547027967409495 -0.5513068838428284 -0.14007095851750465 0.035586447452811226 0.2953533420957092 0.6422049187309425 2
HH0490-rgb_2016_12_26_21_0_0 1565 1.3314008511152728 1.2065335630030762 -0.5582302071351419 -0.15288083176582373 0.8360421444182872 0.9899765434985962 0.30092214206924744 2
HH0490-rgb_2016_12_26_21_0_0 2050 1.4029592481707147 1.3547027967409495 -0.5513068838428284 -0.1785005782624619 0.8360421444182872 0.9899765434985962 0.6080766410647731 2
HH0490-rgb_2016_12_26_21_0_0 2045 1.4029592481707147 1.3547027967409495 -0.5513068838428284 -0.1785005782624619 0.43581429593554916 0.8510519032180188 0.36917869740158643 2
HH0490-rgb_2016_12_26_21_0_0 1570 1.3314008511152728 1.3547027967409495 -0.5616918687812987 -0.15288083176582373 0.23570037169418023 0.4342779823762866 -0.04036063459244767 2
HH0490-rgb_2016_12_26_21_0_0 1955 1.4029592481707147 1.2065335630030762 -0.5686151920736122 -0.1785005782624619 0.23570037169418023 1.1289011837791736 0.19853730907073888 2
HH0490-rgb_2016_12_26_21_0_0 2290 1.4029592481707147 1.3547027967409495 -0.5513068838428284 -0.1785005782624619 0.23570037169418023 1.267825824059751 0.9834876953926377 2
HH0490-rgb_2016_12_26_21_0_0 450 1.4268120471891954 1.4658297220443544 -0.6274634400582774 0.1929857459387916 -0.5647553252712958 0.2953533420957092 0.2667938644030779 2
HH0490-rgb_2016_12_26_21_0_0 1835 1.3314008511152728 1.2065335630030762 -0.5686151920736122 -0.15288083176582373 0.035586447452811226 0.9899765434985962 0.19853730907073888 2
HH0490-rgb_2016_12_26_21_0_0 530 1.5937816403185598 1.4658297220443544 -0.6274634400582774 0.1929857459387916 -0.36464140102992676 0.4342779823762866 -0.24513030058946472 2
HH0490-rgb_2016_12_26_21_0_0 915 1.0928728609304663 1.2435758714375447 -0.617078455119807 0.1929857459387916 0.23570037169418023 0.7121272629374414 0.06202419840606086 2
HH0490-rgb_2016_12_26_21_0_0 2125 1.259842454059831 1.3547027967409495 -0.5513068838428284 -0.14007095851750465 -0.36464140102992676 -0.12142057874602298 1.0176159730588072 2
HH0490-rgb_2016_12_26_21_0_0 1410 1.4029592481707147 1.0954066376996714 -0.5824618386582393 -0.1785005782624619 0.6359282201769182 0.8510519032180188 0.2667938644030779 2
HH0617-rgb_2017_3_26_22_0_0 2100 -1.053879050732791 -0.6085395502858703 0.24487529477322822 -0.5884165222086727 0.8360421444182872 -0.81604378014891 0.1644090314045694 0
HH0617-rgb_2017_3_26_22_0_0 2100 0.11490810117276026 -0.7937510924582117 1.158753969358615 1.8070297752269964 -1.1650970979954027 0.5732026226568641 -0.38164341125414275 2
HH0617-rgb_2017_3_26_22_0_0 65 -0.29058948214141056 1.317660488306481 -1.8390450162131462 -1.3057694241145414 0.23570037169418023 0.8510519032180188 -0.9618241315790244 0
HH0617-rgb_2017_3_26_22_0_0 65 -1.0061734526958297 -0.8678357093271483 0.3037235427578933 -0.6908955081952253 -0.16452747678855778 0.5732026226568641 1.2906421943881632 1
HH0617-rgb_2017_3_26_22_0_0 65 nan nan nan nan nan nan nan 0
HH0617-rgb_2017_3_26_22_0_0 1435 -0.9346150556403878 0.169348926837964 -1.6625002722591509 -0.4090782967322054 0.43581429593554916 -0.6771191398683326 -1.7126462402347535 0
HH0617-rgb_2017_3_26_22_0_0 1435 -1.0061734526958297 -0.49741262498246536 0.26218360300401206 -0.6140362687053108 2.23683961410787 -0.9549684204294874 0.5739483633986036 0
HH0617-rgb_2017_3_26_22_0_0 1435 0.3772888903760473 -0.6826241671548068 1.1518306460663015 1.7686001554820392 0.43581429593554916 0.5732026226568641 -0.8935675762466854 2
HH0617-rgb_2017_3_26_22_0_0 1390 -0.7437926634925427 0.0211796931000908 -1.499802174889783 -0.06321171902759012 -3.5664641888918305 -0.6771191398683326 -0.5181565219188208 1
HH0617-rgb_2017_3_26_22_0_0 1390 -1.1015846487697523 -0.7196664755892751 0.2829535728809527 -0.6780856349469062 0.43581429593554916 -1.7885162621129518 2.4510036350379263 0
HH0617-rgb_2017_3_26_22_0_0 1390 0.30573049332060537 -0.7567087840237434 1.1622156310047718 1.7301705357370818 0.23570037169418023 0.4342779823762866 -0.5522847995849902 2
HH0617-rgb_2017_3_26_22_0_0 930 -1.1492902468067134 -0.8678357093271483 0.3141085276963636 -0.6780856349469062 1.0361560686596563 -1.927440902393529 -0.38164341125414275 0
HH0617-rgb_2017_3_26_22_0_0 930 0.591964081542373 -0.7567087840237434 1.1518306460663015 1.7301705357370818 0.035586447452811226 0.017504061534554412 0.06202419840606086 2
HH0617-rgb_2017_3_26_22_0_0 515 -0.791498261529504 0.20639123527243228 -1.690193565428405 -0.48593753622211994 -1.3652110222367717 -0.2603452190266004 -0.9959524092451939 0
HH0617-rgb_2017_3_26_22_0_0 515 0.2818776943021247 -0.1269895406377824 1.0618274432662256 0.1929857459387916 1.2362699929010252 0.7121272629374414 -1.9856724615641097 2
HH0617-rgb_2017_3_26_22_0_0 1145 -0.9823206536773491 0.058222001534559094 -1.6798085804899348 -0.4090782967322054 -0.9649831737540339 -0.5381944995877552 -1.6102614072362451 0
HH0617-rgb_2017_3_26_22_0_0 1145 -1.0300262517143104 -0.8678357093271483 0.3348784975733042 -0.7805646209334589 -2.565894567684986 -1.6495916218323743 1.5295401380513498 1
HH0617-rgb_2017_3_26_22_0_0 1145 0.40114168939452793 -0.9789626346305532 1.1518306460663015 1.7686001554820392 0.8360421444182872 0.7121272629374414 0.539820085732434 2
HH0617-rgb_2017_3_26_22_0_0 1810 -0.7437926634925427 0.35456046901030547 -1.7248101818899728 -0.5884165222086727 1.8366117656251322 1.9624490254626379 -0.5181565219188208 0
HH0617-rgb_2017_3_26_22_0_0 1810 -0.8392038595664653 -0.7196664755892751 0.338340159219461 -0.8574238604233735 -0.16452747678855778 -1.7885162621129518 0.2326655867369084 1
HH0617-rgb_2017_3_26_22_0_0 1810 0.30573049332060537 -0.8678357093271483 1.1656772926509285 1.7686001554820392 -0.36464140102992676 0.7121272629374414 -0.7911827432481768 2
HH0617-rgb_2017_3_26_22_0_0 475 -0.791498261529504 0.20639123527243228 -1.690193565428405 -0.48593753622211994 -0.9649831737540339 -1.0938930607100648 -1.337235185906889 0
HH0617-rgb_2017_3_26_22_0_0 475 nan nan nan nan nan nan nan 0
HH0617-rgb_2017_3_26_22_0_0 1025 -1.053879050732791 -0.9789626346305532 0.3348784975733042 -0.6652757616985872 1.6364978413837632 -1.927440902393529 -0.2110020229232952 1
HH0617-rgb_2017_3_26_22_0_0 1025 0.04334970411731836 -1.4234703358441727 1.1656772926509285 1.7686001554820392 -0.16452747678855778 0.9899765434985962 0.4033069750677559 2
HH0617-rgb_2017_3_26_22_0_0 1970 -1.0061734526958297 -0.27515877437565556 0.26218360300401206 -0.6140362687053108 0.6359282201769182 -0.81604378014891 1.2906421943881632 0
HH0617-rgb_2017_3_26_22_0_0 1970 -0.21903108508596866 -1.349385718975236 1.1691389542970854 1.8070297752269964 -0.5647553252712958 1.5456751046209058 1.0858725283911461 2
HH0617-rgb_2017_3_26_22_0_0 1780 -0.7676454625110233 -0.9789626346305532 0.35218680580408807 -0.8958534801683307 2.23683961410787 -0.3992698593071778 -1.9856724615641097 1
HH0617-rgb_2017_3_26_22_0_0 1780 0.30573049332060537 -0.8678357093271483 1.1656772926509285 1.7686001554820392 -0.16452747678855778 0.8510519032180188 -0.6205413549173292 2
HH0617-rgb_2017_3_26_22_0_0 105 -0.45755907527077505 -1.1271318683684264 -0.1289841630117027 -1.561966889080923 1.8366117656251322 0.7121272629374414 0.6422049187309425 1
HH0617-rgb_2017_3_26_22_0_0 105 nan nan nan nan nan nan nan 0
HH0617-rgb_2017_3_26_22_0_0 1555 -1.0300262517143104 0.42864508587924205 -1.5690354078129183 -0.38345855023556724 1.8366117656251322 -1.7885162621129518 -0.4840282442526513 0
HH0617-rgb_2017_3_26_22_0_0 1555 -1.053879050732791 -0.9789626346305532 0.3348784975733042 -0.7421350011885016 -1.1650970979954027 0.017504061534554412 -0.4498999665864818 1
HH0617-rgb_2017_3_26_22_0_0 1555 0.6158168805608537 -0.9789626346305532 1.2141405556971232 1.61488167650221 -0.7648692495126648 -0.12142057874602298 0.6080766410647731 2
HH0617-rgb_2017_3_26_22_0_0 850 -1.0061734526958297 -0.9789626346305532 0.3348784975733042 -0.6908955081952253 -0.36464140102992676 -1.6495916218323743 -0.04036063459244767 1
HH0617-rgb_2017_3_26_22_0_0 850 0.329583292339086 -0.7937510924582117 1.1691389542970854 1.7301705357370818 0.6359282201769182 0.1564287018151318 -0.9276958539128548 2
HH0617-rgb_2017_3_26_22_0_0 845 -1.0777318497512716 -0.9789626346305532 0.3348784975733042 -0.7037053814435444 -0.16452747678855778 -1.6495916218323743 -0.1768737452571257 1
HH0617-rgb_2017_3_26_22_0_0 845 0.2580248952836441 -0.7567087840237434 1.1691389542970854 1.7686001554820392 -0.16452747678855778 0.8510519032180188 -0.7911827432481768 2
HH0617-rgb_2017_3_26_22_0_0 1540 -1.1969958448436748 0.24343354370690057 -1.5205721447667235 -0.2425499445040573 -1.9655527949608789 1.1289011837791736 -0.2792585782556342 0
HH0617-rgb_2017_3_26_22_0_0 1540 -1.1015846487697523 -0.9789626346305532 0.3348784975733042 -0.7421350011885016 -1.1650970979954027 0.017504061534554412 -0.6546696325834988 1
HH0617-rgb_2017_3_26_22_0_0 1540 0.4965528854684505 -1.2382587936718312 1.189908924174026 1.589261930005572 -0.9649831737540339 0.2953533420957092 -0.07448891225861717 2
HH0617-rgb_2017_3_26_22_0_0 110 -0.4814118742892557 -1.2753011021062997 -0.12552250136554594 -1.6132063820741995 0.43581429593554916 1.1289011837791736 0.36917869740158643 1
HH0617-rgb_2017_3_26_22_0_0 110 -0.2667366831229299 0.1323066184034957 0.34872514415793127 -0.8189942406784162 -1.565324946478141 -1.7885162621129518 1.1200008060573157 1
HH0617-rgb_2017_3_26_22_0_0 2075 -1.053879050732791 -1.0160049430650215 0.3244935126348339 -0.7421350011885016 -2.165666719202248 0.1564287018151318 0.36917869740158643 1
HH0617-rgb_2017_3_26_22_0_0 2075 0.4488472874314892 -0.9419203261960849 1.172600615943242 1.6917409159921246 0.43581429593554916 -0.5381944995877552 0.2326655867369084 2
HH0617-rgb_2017_3_26_22_0_0 1795 -0.9346150556403878 -0.9048780177616166 0.3591101290964016 -0.8189942406784162 0.8360421444182872 -2.0663655426741068 0.1644090314045694 1
HH0617-rgb_2017_3_26_22_0_0 1795 0.329583292339086 -0.7937510924582117 1.158753969358615 1.7301705357370818 1.2362699929010252 0.4342779823762866 -0.6546696325834988 2
HH0617-rgb_2017_3_26_22_0_0 1965 -0.8153510605479846 -0.23811646594118727 0.26564526465016886 -0.5371770292153963 -0.9649831737540339 0.7121272629374414 0.4033069750677559 0
HH0617-rgb_2017_3_26_22_0_0 1965 0.35343609135756665 -1.1271318683684264 1.1552923077124582 1.7686001554820392 -0.16452747678855778 0.4342779823762866 -0.006232356926278159 2
HH0617-rgb_2017_3_26_22_0_0 1030 -0.6722342664371008 0.2804758521413689 -1.6971168887207186 -0.6012263954569917 -0.5647553252712958 -2.205290182954684 -2.0198007392302793 0
HH0617-rgb_2017_3_26_22_0_0 1030 -1.0777318497512716 -0.9789626346305532 0.3348784975733042 -0.7037053814435444 0.23570037169418023 -0.3992698593071778 -0.1427454675909562 1
HH0617-rgb_2017_3_26_22_0_0 1030 0.35343609135756665 -1.1271318683684264 1.1656772926509285 1.7686001554820392 1.4363839171423942 0.2953533420957092 -0.31338685592180376 2
HH0617-rgb_2017_3_26_22_0_0 460 -0.8392038595664653 0.31751816057583715 -1.6728852571976214 -0.46031778972548176 -0.7648692495126648 -0.81604378014891 -0.8594392985805158 0
HH0617-rgb_2017_3_26_22_0_0 460 -1.053879050732791 -0.46037031654799704 0.26564526465016886 -0.4731276629738009 -0.16452747678855778 1.4067504643403284 -0.24513030058946472 0
HH0617-rgb_2017_3_26_22_0_0 1805 -0.8869094576034265 -0.6826241671548068 0.34872514415793127 -0.8189942406784162 0.8360421444182872 -2.0663655426741068 -0.006232356926278159 1
HH0617-rgb_2017_3_26_22_0_0 1805 0.4249944884130086 -0.8678357093271483 1.1656772926509285 1.7301705357370818 0.8360421444182872 -0.12142057874602298 0.4374352527339255 2
HH0617-rgb_2017_3_26_22_0_0 1150 -0.8630566585849458 0.058222001534559094 -1.6798085804899348 -0.4475079164771627 -1.76543887071951 -0.2603452190266004 -1.473748296571567 1
HH0617-rgb_2017_3_26_22_0_0 1150 0.30573049332060537 -0.6826241671548068 1.1622156310047718 1.7686001554820392 -0.36464140102992676 0.8510519032180188 -0.6546696325834988 2
HH0617-rgb_2017_3_26_22_0_0 500 -0.7676454625110233 0.2804758521413689 -1.690193565428405 -0.4475079164771627 -0.7648692495126648 -0.5381944995877552 -0.7911827432481768 0
HH0617-rgb_2017_3_26_22_0_0 500 nan nan nan nan nan nan nan 0
HH0617-rgb_2017_3_26_22_0_0 500 -0.529117472326217 -0.08994723220331409 1.1656772926509285 -0.9727127196582452 -0.9649831737540339 0.017504061534554412 0.6422049187309425 0
HH0617-rgb_2017_3_26_22_0_0 925 -0.9823206536773491 0.539772011182647 -1.6209603325052697 -0.4090782967322054 0.43581429593554916 0.8510519032180188 -0.9959524092451939 0
HH0617-rgb_2017_3_26_22_0_0 925 -1.053879050732791 -0.5714972418514019 0.293338557819423 -0.6268461419536299 -0.16452747678855778 -1.7885162621129518 0.19853730907073888 0
HH0617-rgb_2017_3_26_22_0_0 925 0.5681112825238924 -0.6826241671548068 1.1518306460663015 1.7301705357370818 1.2362699929010252 0.4342779823762866 -0.5522847995849902 2
HH0617-rgb_2017_3_26_22_0_0 1385 -1.053879050732791 -0.08994723220331409 -1.5171104831205666 -0.1785005782624619 -1.9655527949608789 1.4067504643403284 -1.746774517900923 0
HH0617-rgb_2017_3_26_22_0_0 1385 -0.9584678546588684 -0.7196664755892751 0.3037235427578933 -0.6780856349469062 0.035586447452811226 -1.6495916218323743 1.802566359380706 1
HH0617-rgb_2017_3_26_22_0_0 1385 0.3772888903760473 -0.6826241671548068 1.1622156310047718 1.7301705357370818 0.6359282201769182 0.4342779823762866 -0.6546696325834988 2
HH0617-rgb_2017_3_26_22_0_0 1420 -1.0061734526958297 0.058222001534559094 -1.6590386106129942 -0.4090782967322054 0.23570037169418023 -0.3992698593071778 -1.9174159062317706 0
HH0617-rgb_2017_3_26_22_0_0 1420 -1.053879050732791 -0.8678357093271483 0.3037235427578933 -0.7037053814435444 -0.16452747678855778 -0.12142057874602298 1.7684380817145364 0
HH0617-rgb_2017_3_26_22_0_0 1420 0.40114168939452793 -0.8307934008926801 1.158753969358615 1.7686001554820392 0.8360421444182872 0.8510519032180188 -0.1768737452571257 2
HH0617-rgb_2017_3_26_22_0_0 2115 -1.053879050732791 -0.8678357093271483 0.3348784975733042 -0.7037053814435444 1.0361560686596563 -0.5381944995877552 0.30092214206924744 0
HH0617-rgb_2017_3_26_22_0_0 2115 0.329583292339086 -0.7937510924582117 1.1691389542970854 1.7686001554820392 0.035586447452811226 0.017504061534554412 -1.0300806869113635 2
HH0617-rgb_2017_3_26_22_0_0 70 -1.053879050732791 -0.8678357093271483 0.3037235427578933 -0.7037053814435444 -0.36464140102992676 0.4342779823762866 1.6319249710498582 0
HH0617-rgb_2017_3_26_22_0_0 70 nan nan nan nan nan nan nan 0
HH0617-rgb_2017_3_26_22_0_0 700 -0.8869094576034265 0.42864508587924205 -1.6590386106129942 -0.4346980432288436 0.035586447452811226 -0.81604378014891 -0.7911827432481768 0
HH0617-rgb_2017_3_26_22_0_0 700 -1.0300262517143104 -0.7567087840237434 0.25526027971169857 -0.46031778972548176 -2.766008491926355 0.4342779823762866 -0.04036063459244767 1
HH0617-rgb_2017_3_26_22_0_0 700 0.4488472874314892 -0.8678357093271483 1.203755570758653 1.5508323102606147 0.43581429593554916 0.8510519032180188 -0.6887979102496683 2
HH0617-rgb_2017_3_26_22_0_0 1350 -0.9823206536773491 0.058222001534559094 -1.6694235955514645 -0.4090782967322054 -0.16452747678855778 -1.0938930607100648 -1.883287628565601 0
HH0617-rgb_2017_3_26_22_0_0 1350 -0.9823206536773491 -0.8678357093271483 0.3244935126348339 -0.6780856349469062 1.4363839171423942 -0.81604378014891 1.9049511923792144 0
HH0617-rgb_2017_3_26_22_0_0 1350 0.5681112825238924 -1.0900895599339582 1.1864472625278693 1.5380224370122957 -0.16452747678855778 -0.81604378014891 1.0858725283911461 2
HH0617-rgb_2017_3_26_22_0_0 270 nan nan nan nan nan nan nan 0
HH0617-rgb_2017_3_26_22_0_0 270 3.072655179464359 2.169633582299252 -0.0874442232578215 -1.830974227295624 0.035586447452811226 -0.12142057874602298 1.2906421943881632 2
HH0617-rgb_2017_3_26_22_0_0 1620 -0.9107622566219071 0.539772011182647 -1.6417303023822103 -0.4475079164771627 0.43581429593554916 -0.2603452190266004 -1.815031073233262 0
HH0617-rgb_2017_3_26_22_0_0 1620 -1.0300262517143104 -0.8678357093271483 0.3348784975733042 -0.7421350011885016 -0.5647553252712958 -0.12142057874602298 -1.0983372422437023 1
HH0617-rgb_2017_3_26_22_0_0 1620 0.35343609135756665 -0.8678357093271483 1.1656772926509285 1.7301705357370818 0.8360421444182872 0.4342779823762866 -0.1768737452571257 2
HH0617-rgb_2017_3_26_22_0_0 1185 -0.9346150556403878 0.169348926837964 -1.6832702421360917 -0.4090782967322054 -0.7648692495126648 0.2953533420957092 -1.405491741239228 0
HH0617-rgb_2017_3_26_22_0_0 1185 -1.053879050732791 -0.9789626346305532 0.3348784975733042 -0.7421350011885016 -2.165666719202248 0.2953533420957092 1.3930270273866718 1
HH0617-rgb_2017_3_26_22_0_0 1185 0.1387609001912409 -1.2382587936718312 1.2002939091124962 1.7686001554820392 0.43581429593554916 -0.12142057874602298 0.9152311400602986 2
HH0617-rgb_2017_3_26_22_0_0 310 -0.8392038595664653 0.20639123527243228 -1.7109635353053456 -0.6268461419536299 0.8360421444182872 0.9899765434985962 -0.8935675762466854 0
HH0617-rgb_2017_3_26_22_0_0 310 -0.6245286684001395 0.9101950955273299 0.3452634825117745 -0.7805646209334589 0.43581429593554916 -0.6771191398683326 0.30092214206924744 0
HH0617-rgb_2017_3_26_22_0_0 1740 -0.7437926634925427 0.42864508587924205 0.3452634825117745 -0.7037053814435444 -0.9649831737540339 -0.2603452190266004 1.2906421943881632 0
HH0617-rgb_2017_3_26_22_0_0 1740 0.2580248952836441 -0.9419203261960849 1.1622156310047718 1.7301705357370818 0.43581429593554916 0.017504061534554412 -0.2792585782556342 2
HH0617-rgb_2017_3_26_22_0_0 660 -0.8392038595664653 0.8361104786583933 -1.6209603325052697 -0.42188816998052453 0.43581429593554916 0.2953533420957092 -0.9959524092451939 0
HH0617-rgb_2017_3_26_22_0_0 660 -1.053879050732791 -0.8678357093271483 0.3141085276963636 -0.6268461419536299 -1.565324946478141 -2.4831394635158386 1.6660532487160278 1
HH0617-rgb_2017_3_26_22_0_0 660 0.2818776943021247 0.20639123527243228 1.5845383518358975 0.6797609293749168 0.8360421444182872 0.4342779823762866 0.09615247607223036 2
HH0617-rgb_2017_3_26_22_0_0 1230 -0.9107622566219071 0.058222001534559094 -1.6798085804899348 -0.4475079164771627 -0.7648692495126648 0.017504061534554412 -1.1665937975760414 0
HH0617-rgb_2017_3_26_22_0_0 1230 -1.0061734526958297 -0.5714972418514019 0.3037235427578933 -0.6524658884502681 0.23570037169418023 -2.205290182954684 2.0414643030438926 0
HH0617-rgb_2017_3_26_22_0_0 1230 0.35343609135756665 -0.8678357093271483 1.1552923077124582 1.7301705357370818 1.0361560686596563 0.1564287018151318 -0.31338685592180376 2
HH0617-rgb_2017_3_26_22_0_0 890 -1.053879050732791 -0.7196664755892751 0.3141085276963636 -0.6652757616985872 -0.16452747678855778 -2.205290182954684 0.8469745847279596 1
HH0617-rgb_2017_3_26_22_0_0 890 0.5442584835054117 -0.8307934008926801 1.1691389542970854 1.7301705357370818 0.6359282201769182 0.017504061534554412 -0.6887979102496683 2
HH0617-rgb_2017_3_26_22_0_0 1595 -0.9346150556403878 -0.8678357093271483 0.3348784975733042 -0.7805646209334589 -1.565324946478141 -0.9549684204294874 -1.1665937975760414 1
HH0617-rgb_2017_3_26_22_0_0 1595 0.3772888903760473 -0.9419203261960849 1.1622156310047718 1.7686001554820392 0.035586447452811226 0.7121272629374414 -0.2792585782556342 2
HH0617-rgb_2017_3_26_22_0_0 1580 -0.9823206536773491 0.169348926837964 -1.6832702421360917 -0.4090782967322054 -0.7648692495126648 0.1564287018151318 -1.0983372422437023 0
HH0617-rgb_2017_3_26_22_0_0 1580 -1.053879050732791 -0.8678357093271483 0.3348784975733042 -0.6652757616985872 1.6364978413837632 0.4342779823762866 1.6319249710498582 0
HH0617-rgb_2017_3_26_22_0_0 1580 0.09105530215427964 -0.9048780177616166 1.1656772926509285 1.7686001554820392 -1.1650970979954027 1.1289011837791736 -0.1768737452571257 2
HH0617-rgb_2017_3_26_22_0_0 885 -0.9823206536773491 -0.7196664755892751 0.3141085276963636 -0.6780856349469062 1.0361560686596563 -1.6495916218323743 0.7787180293956206 0
HH0617-rgb_2017_3_26_22_0_0 885 0.5442584835054117 -0.8307934008926801 1.1691389542970854 1.7301705357370818 0.6359282201769182 -0.12142057874602298 -0.5181565219188208 2
HH0617-rgb_2017_3_26_22_0_0 1225 -0.9107622566219071 -0.08994723220331409 -1.690193565428405 -0.4475079164771627 -1.3652110222367717 -0.3992698593071778 -1.473748296571567 1
HH0617-rgb_2017_3_26_22_0_0 1225 0.35343609135756665 -0.8678357093271483 1.1552923077124582 1.7301705357370818 1.4363839171423942 0.017504061534554412 -0.31338685592180376 2
HH0617-rgb_2017_3_26_22_0_0 675 -0.9346150556403878 0.539772011182647 -1.6209603325052697 -0.4090782967322054 0.23570037169418023 0.8510519032180188 -1.0300806869113635 0
HH0617-rgb_2017_3_26_22_0_0 675 -1.0777318497512716 -0.8678357093271483 0.3244935126348339 -0.7037053814435444 1.2362699929010252 -1.3717423412712195 0.8469745847279596 0
HH0617-rgb_2017_3_26_22_0_0 675 0.329583292339086 -0.6826241671548068 1.7264664793283249 0.9743880140862559 -0.9649831737540339 -0.5381944995877552 0.8469745847279596 2
HH0617-rgb_2017_3_26_22_0_0 1755 0.4249944884130086 -0.8678357093271483 1.1656772926509285 1.7301705357370818 1.2362699929010252 -0.2603452190266004 0.19853730907073888 2
HH0617-rgb_2017_3_26_22_0_0 305 -0.9823206536773491 0.42864508587924205 -1.558650422874448 -1.0495719591481598 -0.5647553252712958 0.5732026226568641 0.1644090314045694 0
HH0617-rgb_2017_3_26_22_0_0 305 -0.9346150556403878 -0.9789626346305532 0.3452634825117745 -0.8189942406784162 -3.166236340409093 -1.927440902393529 1.8708229147130448 1
HH0617-rgb_2017_3_26_22_0_0 1190 -0.8630566585849458 0.058222001534559094 -1.690193565428405 -0.4475079164771627 -1.9655527949608789 -0.5381944995877552 -1.2348503529083805 1
HH0617-rgb_2017_3_26_22_0_0 1190 0.21031929724668283 -1.0160049430650215 1.1483689844201448 1.7301705357370818 -0.9649831737540339 0.9899765434985962 -0.1768737452571257 2
HH0617-rgb_2017_3_26_22_0_0 1635 -0.9107622566219071 0.058222001534559094 -1.690193565428405 -0.4475079164771627 -1.3652110222367717 -0.12142057874602298 -0.9618241315790244 0
HH0617-rgb_2017_3_26_22_0_0 1635 -1.0300262517143104 -0.8678357093271483 0.3348784975733042 -0.7421350011885016 -0.7648692495126648 -0.2603452190266004 -0.6546696325834988 1
HH0617-rgb_2017_3_26_22_0_0 1635 0.2818776943021247 -0.8307934008926801 1.1691389542970854 1.7686001554820392 -0.5647553252712958 0.4342779823762866 -0.7911827432481768 2
HH0617-rgb_2017_3_26_22_0_0 265 2.3332184098914595 1.688083572651164 0.0960238439884872 -1.4594879030943704 -0.9649831737540339 0.2953533420957092 1.4612835827190107 2
HH0617-rgb_2017_3_26_22_0_0 1345 -1.0061734526958297 0.169348926837964 -1.6625002722591509 -0.4090782967322054 1.0361560686596563 -0.12142057874602298 -1.6443896849024144 0
HH0617-rgb_2017_3_26_22_0_0 1345 -1.125437447788233 -0.7196664755892751 0.3141085276963636 -0.639656015201949 -1.3652110222367717 -2.205290182954684 -0.2792585782556342 1
HH0617-rgb_2017_3_26_22_0_0 1345 0.663522478597815 -1.0900895599339582 1.1968322474663395 1.461163197522381 0.6359282201769182 -0.6771191398683326 -0.6887979102496683 2
HH0617-rgb_2017_3_26_22_0_0 715 -0.8869094576034265 0.8361104786583933 -1.6209603325052697 -0.4346980432288436 0.43581429593554916 0.1564287018151318 -0.41577168892031224 0
HH0617-rgb_2017_3_26_22_0_0 715 -1.1015846487697523 -0.6085395502858703 0.25526027971169857 -0.48593753622211994 -1.9655527949608789 0.7121272629374414 0.7445897517294511 0
HH0617-rgb_2017_3_26_22_0_0 715 0.35343609135756665 -1.0530472514994897 1.189908924174026 1.7301705357370818 -1.3652110222367717 0.9899765434985962 -0.8253110209143463 2
HH0617-rgb_2017_3_26_22_0_0 1355 -1.1015846487697523 -0.8678357093271483 0.3244935126348339 -0.6780856349469062 1.6364978413837632 -1.7885162621129518 -0.5181565219188208 0
HH0617-rgb_2017_3_26_22_0_0 1355 0.663522478597815 -1.1271318683684264 1.1968322474663395 1.61488167650221 -0.5647553252712958 0.017504061534554412 0.4033069750677559 2
HH0617-rgb_2017_3_26_22_0_0 705 -0.8869094576034265 0.6879412449205201 -1.6417303023822103 -0.4346980432288436 -0.16452747678855778 -0.12142057874602298 -0.4498999665864818 0
HH0617-rgb_2017_3_26_22_0_0 705 -1.053879050732791 -0.7567087840237434 0.25526027971169857 -0.4731276629738009 -2.565894567684986 0.8510519032180188 -0.2110020229232952 1
HH0617-rgb_2017_3_26_22_0_0 705 0.7350808756532569 -0.8307934008926801 1.2176022173432801 1.5508323102606147 -0.36464140102992676 0.7121272629374414 -0.006232356926278159 2
HH0617-rgb_2017_3_26_22_0_0 1625 -0.6245286684001395 0.5027297027481786 0.3452634825117745 -0.7165152546918635 -0.5647553252712958 -1.0938930607100648 0.6763331963971121 0
HH0617-rgb_2017_3_26_22_0_0 1625 0.30573049332060537 -0.7196664755892751 1.1691389542970854 1.7301705357370818 -0.16452747678855778 0.5732026226568641 -0.6887979102496683 2
HH0617-rgb_2017_3_26_22_0_0 275 -0.3144422811598912 1.0583643292652032 0.3418018208656177 -0.7805646209334589 -1.3652110222367717 -0.12142057874602298 0.7445897517294511 0
HH0617-rgb_2017_3_26_22_0_0 1180 -0.8630566585849458 0.058222001534559094 -1.6798085804899348 -0.4475079164771627 -2.165666719202248 -0.2603452190266004 -1.337235185906889 1
HH0617-rgb_2017_3_26_22_0_0 1180 -1.1492902468067134 -0.9789626346305532 0.3348784975733042 -0.7165152546918635 1.2362699929010252 -1.6495916218323743 0.47156353040009497 1
HH0617-rgb_2017_3_26_22_0_0 1180 0.21031929724668283 -1.3864280274097045 1.2141405556971232 1.7686001554820392 -0.9649831737540339 0.4342779823762866 -1.0983372422437023 2
HH0617-rgb_2017_3_26_22_0_0 1745 -0.5529702713446976 0.9101950955273299 0.3452634825117745 -0.7037053814435444 -0.5647553252712958 0.2953533420957092 1.7684380817145364 0
HH0617-rgb_2017_3_26_22_0_0 1745 0.4249944884130086 -0.8678357093271483 1.1656772926509285 1.7301705357370818 1.2362699929010252 -0.2603452190266004 0.1644090314045694 2
HH0617-rgb_2017_3_26_22_0_0 315 -0.8392038595664653 0.42864508587924205 -1.6105753475667994 -0.5371770292153963 1.4363839171423942 1.6845997449014831 -1.9174159062317706 0
HH0617-rgb_2017_3_26_22_0_0 315 -1.1492902468067134 -0.8678357093271483 0.3452634825117745 -0.7549448744368208 1.4363839171423942 -1.2328177009906423 -0.7570544655820073 0
HH0617-rgb_2017_3_26_22_0_0 895 -1.0061734526958297 -0.5714972418514019 0.293338557819423 -0.6140362687053108 1.0361560686596563 -1.0938930607100648 1.5295401380513498 0
HH0617-rgb_2017_3_26_22_0_0 895 0.5442584835054117 -0.8307934008926801 1.1691389542970854 1.7301705357370818 1.0361560686596563 0.1564287018151318 -0.4840282442526513 2
HH0617-rgb_2017_3_26_22_0_0 1235 -0.9346150556403878 0.169348926837964 -1.6832702421360917 -0.4090782967322054 -0.7648692495126648 0.1564287018151318 -1.542004851903906 0
HH0617-rgb_2017_3_26_22_0_0 1235 -0.9346150556403878 -0.7196664755892751 0.3141085276963636 -0.6652757616985872 0.43581429593554916 -1.0938930607100648 1.1541290837234852 1
HH0617-rgb_2017_3_26_22_0_0 1235 0.35343609135756665 -0.8678357093271483 1.1552923077124582 1.7301705357370818 1.4363839171423942 0.5732026226568641 -0.10861718992478668 2
HH0617-rgb_2017_3_26_22_0_0 665 -0.8392038595664653 0.8361104786583933 -1.6209603325052697 -0.42188816998052453 0.6359282201769182 0.4342779823762866 -1.0983372422437023 0
HH0617-rgb_2017_3_26_22_0_0 665 -0.9823206536773491 -0.7196664755892751 0.3141085276963636 -0.6780856349469062 1.2362699929010252 -1.7885162621129518 1.802566359380706 0
HH0617-rgb_2017_3_26_22_0_0 665 0.47270008644996986 -0.46037031654799704 1.425301916112686 0.4491832109051733 0.035586447452811226 0.9899765434985962 -0.7570544655820073 2
HH0617-rgb_2017_3_26_22_0_0 1590 -1.0061734526958297 -0.8678357093271483 0.3348784975733042 -0.6908955081952253 0.8360421444182872 0.017504061534554412 1.7001815263821973 0
HH0617-rgb_2017_3_26_22_0_0 1590 0.35343609135756665 -0.8307934008926801 1.1691389542970854 1.7686001554820392 -0.7648692495126648 0.8510519032180188 -0.6546696325834988 2
HH0617-rgb_2017_3_26_22_0_0 1585 -1.053879050732791 -0.8678357093271483 0.3348784975733042 -0.7037053814435444 1.4363839171423942 0.4342779823762866 1.5636684157175194 0
HH0617-rgb_2017_3_26_22_0_0 1585 0.35343609135756665 -0.8307934008926801 1.1691389542970854 1.7686001554820392 -0.5647553252712958 0.5732026226568641 -0.5522847995849902 2
HH0617-rgb_2017_3_26_22_0_0 670 -0.9346150556403878 0.6879412449205201 -1.6209603325052697 -0.4090782967322054 0.8360421444182872 0.4342779823762866 -1.2348503529083805 0
HH0617-rgb_2017_3_26_22_0_0 670 -1.053879050732791 -0.8678357093271483 0.3244935126348339 -0.7421350011885016 -1.565324946478141 0.2953533420957092 1.4612835827190107 1
HH0617-rgb_2017_3_26_22_0_0 670 0.11490810117276026 -0.23811646594118727 1.6883882012206006 0.9871978873345749 0.23570037169418023 0.7121272629374414 0.2667938644030779 2
HH0617-rgb_2017_3_26_22_0_0 1220 -0.8630566585849458 0.169348926837964 -1.6832702421360917 -0.4475079164771627 -0.9649831737540339 0.1564287018151318 -1.1324655199098719 0
HH0617-rgb_2017_3_26_22_0_0 1220 0.591964081542373 -0.7937510924582117 1.158753969358615 1.7301705357370818 0.43581429593554916 -0.2603452190266004 -0.41577168892031224 2
HH0617-rgb_2017_3_26_22_0_0 880 -0.9823206536773491 -0.7196664755892751 0.3037235427578933 -0.639656015201949 -0.36464140102992676 -2.205290182954684 2.075592580710062 1
HH0617-rgb_2017_3_26_22_0_0 880 0.5442584835054117 -0.8307934008926801 1.1691389542970854 1.7301705357370818 0.23570037169418023 -0.12142057874602298 -0.5181565219188208 2
HH0617-rgb_2017_3_26_22_0_0 300 -1.1015846487697523 -0.8678357093271483 0.3348784975733042 -0.7805646209334589 -0.36464140102992676 -0.81604378014891 -0.4498999665864818 1
HH0617-rgb_2017_3_26_22_0_0 300 2.1662488167620952 3.0956912931609595 -0.7313132894429804 -1.561966889080923 0.8360421444182872 -0.9549684204294874 2.2462339690409094 2
HH0617-rgb_2017_3_26_22_0_0 1750 -0.5052646733077363 1.2806181798720129 0.3244935126348339 -0.7165152546918635 -1.76543887071951 0.1564287018151318 2.314490524373248 0
HH0617-rgb_2017_3_26_22_0_0 1750 0.35343609135756665 -0.8678357093271483 1.1656772926509285 1.7686001554820392 -0.36464140102992676 0.1564287018151318 -0.4840282442526513 2
HH0617-rgb_2017_3_26_22_0_0 1195 -0.8630566585849458 0.058222001534559094 -1.690193565428405 -0.4475079164771627 -1.565324946478141 -0.2603452190266004 -1.5078765742377365 0
HH0617-rgb_2017_3_26_22_0_0 1195 -1.053879050732791 -0.8678357093271483 0.3348784975733042 -0.7037053814435444 0.43581429593554916 -1.510666981551797 0.8811028623941292 1
HH0617-rgb_2017_3_26_22_0_0 1195 0.35343609135756665 -1.1271318683684264 1.1552923077124582 1.7301705357370818 0.8360421444182872 0.5732026226568641 -0.1427454675909562 2
HH0617-rgb_2017_3_26_22_0_0 1630 -1.0300262517143104 -0.9789626346305532 0.3452634825117745 -0.7421350011885016 -0.16452747678855778 -1.6495916218323743 1.0517442507249766 1
HH0617-rgb_2017_3_26_22_0_0 1630 0.35343609135756665 -0.8678357093271483 1.1656772926509285 1.7301705357370818 1.4363839171423942 0.1564287018151318 -0.4840282442526513 2
HH0617-rgb_2017_3_26_22_0_0 710 -0.8869094576034265 0.539772011182647 -1.6417303023822103 -0.4346980432288436 -0.16452747678855778 -0.9549684204294874 -0.6205413549173292 0
HH0617-rgb_2017_3_26_22_0_0 710 -0.9107622566219071 -0.6085395502858703 0.25526027971169857 -0.48593753622211994 -0.16452747678855778 0.2953533420957092 0.19853730907073888 1
HH0617-rgb_2017_3_26_22_0_0 710 0.6158168805608537 -0.9419203261960849 1.1829856008817123 1.61488167650221 -0.7648692495126648 0.4342779823762866 0.13028075373839987 2
HH0617-rgb_2017_3_26_22_0_0 1340 -1.053879050732791 -0.7196664755892751 0.3141085276963636 -0.6652757616985872 0.8360421444182872 -2.205290182954684 0.4374352527339255 0
HH0617-rgb_2017_3_26_22_0_0 1340 0.3772888903760473 -0.9419203261960849 1.1829856008817123 1.7301705357370818 0.035586447452811226 -0.6771191398683326 -0.4498999665864818 2
HH0617-rgb_2017_3_26_22_0_0 1430 -1.0061734526958297 -0.8678357093271483 0.3037235427578933 -0.6908955081952253 0.23570037169418023 -0.3992698593071778 1.6319249710498582 1
HH0617-rgb_2017_3_26_22_0_0 1430 0.23417209626516347 -0.8678357093271483 1.1552923077124582 1.7686001554820392 -0.16452747678855778 1.1289011837791736 -1.200722075242211 2
HH0617-rgb_2017_3_26_22_0_0 2105 0.23417209626516347 -0.5714972418514019 1.1656772926509285 1.7686001554820392 -0.16452747678855778 1.1289011837791736 -1.1665937975760414 2
HH0617-rgb_2017_3_26_22_0_0 60 nan nan nan nan nan nan nan 0
HH0617-rgb_2017_3_26_22_0_0 60 -1.053879050732791 -0.8678357093271483 0.3037235427578933 -0.6652757616985872 0.43581429593554916 -1.6495916218323743 1.6660532487160278 1
HH0617-rgb_2017_3_26_22_0_0 60 2.1423960177436143 0.8361104786583933 2.2734090194210945 -1.830974227295624 -0.5647553252712958 0.8510519032180188 1.2223856390558243 2
HH0617-rgb_2017_3_26_22_0_0 935 -1.1492902468067134 -0.8678357093271483 0.3244935126348339 -0.6780856349469062 1.6364978413837632 -2.3442148232352613 -1.0983372422437023 0
HH0617-rgb_2017_3_26_22_0_0 935 0.4488472874314892 -0.8678357093271483 1.1552923077124582 1.7301705357370818 1.2362699929010252 0.1564287018151318 0.4033069750677559 2
HH0617-rgb_2017_3_26_22_0_0 1395 -0.9584678546588684 0.09526430996902739 -1.5309571297051938 -0.22974007125573823 -1.1650970979954027 -0.5381944995877552 -1.815031073233262 0
HH0617-rgb_2017_3_26_22_0_0 1395 -1.1015846487697523 -0.7196664755892751 0.293338557819423 -0.6780856349469062 0.8360421444182872 -2.0663655426741068 1.7684380817145364 0
HH0617-rgb_2017_3_26_22_0_0 1395 0.35343609135756665 -0.8678357093271483 1.1656772926509285 1.7301705357370818 0.43581429593554916 0.1564287018151318 -0.2792585782556342 2
HH0617-rgb_2017_3_26_22_0_0 1140 -0.9107622566219071 0.058222001534559094 -1.6798085804899348 -0.4475079164771627 -1.1650970979954027 -0.81604378014891 -1.473748296571567 0
HH0617-rgb_2017_3_26_22_0_0 1140 0.4249944884130086 -0.8307934008926801 1.1691389542970854 1.7686001554820392 0.43581429593554916 -0.12142057874602298 -0.38164341125414275 2
HH0617-rgb_2017_3_26_22_0_0 510 -0.7676454625110233 0.058222001534559094 -1.7005785503668753 -0.48593753622211994 -1.3652110222367717 -1.6495916218323743 -1.405491741239228 1
HH0617-rgb_2017_3_26_22_0_0 510 nan nan nan nan nan nan nan 0
HH0617-rgb_2017_3_26_22_0_0 510 -0.5768230703631783 0.058222001534559094 1.1622156310047718 0.11612650644887708 -0.16452747678855778 -0.5381944995877552 -1.2689786305745498 0
HH0617-rgb_2017_3_26_22_0_0 1815 -0.40985347723381377 -0.015862615334377494 -1.8182750463362056 -0.7421350011885016 -1.9655527949608789 1.8235243851820606 -1.5078765742377365 1
HH0617-rgb_2017_3_26_22_0_0 1815 -0.9346150556403878 -0.6826241671548068 0.338340159219461 -0.8189942406784162 2.0367256898665014 -1.0938930607100648 0.30092214206924744 0
HH0617-rgb_2017_3_26_22_0_0 1815 0.35343609135756665 -0.8678357093271483 1.1656772926509285 1.7301705357370818 0.8360421444182872 -0.9549684204294874 -0.04036063459244767 2
HH0617-rgb_2017_3_26_22_0_0 1020 -1.053879050732791 -0.8678357093271483 0.3244935126348339 -0.7037053814435444 0.43581429593554916 -0.3992698593071778 0.9152311400602986 0
HH0617-rgb_2017_3_26_22_0_0 470 -1.053879050732791 -0.6085395502858703 0.27603024958863914 -0.4731276629738009 0.43581429593554916 0.8510519032180188 0.9834876953926377 0
HH0617-rgb_2017_3_26_22_0_0 1785 -0.9346150556403878 -0.9048780177616166 0.338340159219461 -0.8574238604233735 -2.165666719202248 -1.2328177009906423 -0.34751513358797326 1
HH0617-rgb_2017_3_26_22_0_0 1785 0.1864664982282022 -0.9419203261960849 1.1622156310047718 1.7301705357370818 -0.16452747678855778 0.7121272629374414 -0.24513030058946472 2
HH0617-rgb_2017_3_26_22_0_0 1975 -1.1015846487697523 -0.7196664755892751 0.2829535728809527 -0.6780856349469062 0.23570037169418023 -1.0938930607100648 1.6660532487160278 0
HH0617-rgb_2017_3_26_22_0_0 1975 0.35343609135756665 -1.1271318683684264 1.1552923077124582 1.7686001554820392 0.23570037169418023 0.7121272629374414 -0.1427454675909562 2
HH0617-rgb_2017_3_26_22_0_0 1550 -0.8392038595664653 -0.05290492376884579 -1.4894171899513127 -0.05040184577927104 -3.166236340409093 -1.510666981551797 -0.6546696325834988 1
HH0617-rgb_2017_3_26_22_0_0 1550 -1.053879050732791 -0.9789626346305532 0.3348784975733042 -0.7421350011885016 -0.36464140102992676 0.1564287018151318 -0.31338685592180376 1
HH0617-rgb_2017_3_26_22_0_0 1550 0.6158168805608537 -0.9789626346305532 1.2141405556971232 1.61488167650221 -1.3652110222367717 -0.2603452190266004 0.8469745847279596 2
HH0617-rgb_2017_3_26_22_0_0 100 -0.5768230703631783 -0.8678357093271483 -0.12206083971938918 -1.4979175228393278 0.6359282201769182 0.017504061534554412 0.5739483633986036 1
HH0617-rgb_2017_3_26_22_0_0 100 -0.33829508017837184 0.46568739431371037 0.3418018208656177 -0.7421350011885016 -0.9649831737540339 -0.3992698593071778 1.4271553050528412 0
HH0617-rgb_2017_3_26_22_0_0 2065 -1.0061734526958297 -1.0160049430650215 0.3244935126348339 -0.7677547476851398 -2.766008491926355 -1.510666981551797 0.2667938644030779 1
HH0617-rgb_2017_3_26_22_0_0 2065 0.6873752776162956 -0.5714972418514019 1.1656772926509285 1.7686001554820392 0.8360421444182872 -1.2328177009906423 -0.5181565219188208 2
HH0617-rgb_2017_3_26_22_0_0 855 -1.0300262517143104 -0.9789626346305532 0.3348784975733042 -0.7421350011885016 -1.1650970979954027 -1.3717423412712195 0.9152311400602986 1
HH0617-rgb_2017_3_26_22_0_0 855 0.3772888903760473 -0.9048780177616166 1.1656772926509285 1.7301705357370818 1.6364978413837632 0.1564287018151318 -0.1768737452571257 2
HH0617-rgb_2017_3_26_22_0_0 840 -1.0300262517143104 -0.8678357093271483 0.3244935126348339 -0.7421350011885016 -1.9655527949608789 0.7121272629374414 1.1541290837234852 1
HH0617-rgb_2017_3_26_22_0_0 840 0.4965528854684505 -0.6826241671548068 1.172600615943242 1.7686001554820392 1.0361560686596563 0.5732026226568641 -0.8594392985805158 2
HH0617-rgb_2017_3_26_22_0_0 115 -0.3621478791968525 -1.1271318683684264 -0.1185991780732324 -1.561966889080923 0.035586447452811226 1.4067504643403284 0.2667938644030779 1
HH0617-rgb_2017_3_26_22_0_0 115 nan nan nan nan nan nan nan 0
HH0617-rgb_2017_3_26_22_0_0 2070 -0.6960870654555814 0.539772011182647 0.3244935126348339 -0.7293251279401826 -0.16452747678855778 -1.2328177009906423 -0.04036063459244767 0
HH0617-rgb_2017_3_26_22_0_0 2070 0.5442584835054117 -0.9048780177616166 1.1760622775893987 1.7301705357370818 -0.16452747678855778 0.017504061534554412 0.5739483633986036 2
HH0617-rgb_2017_3_26_22_0_0 1545 -0.9107622566219071 0.0211796931000908 -1.4894171899513127 -0.06321171902759012 -0.5647553252712958 -0.3992698593071778 -1.9515441838979402 0
HH0617-rgb_2017_3_26_22_0_0 1545 -1.0061734526958297 -0.8678357093271483 0.3348784975733042 -0.6908955081952253 1.0361560686596563 0.2953533420957092 -1.473748296571567 1
HH0617-rgb_2017_3_26_22_0_0 1545 0.47270008644996986 -1.0900895599339582 1.2176022173432801 1.61488167650221 -0.7648692495126648 0.017504061534554412 0.6422049187309425 2
HH0617-rgb_2017_3_26_22_0_0 1960 -1.0061734526958297 -0.6085395502858703 0.27603024958863914 -0.6908955081952253 0.23570037169418023 -1.7885162621129518 2.007336025377723 0
HH0617-rgb_2017_3_26_22_0_0 1960 0.1387609001912409 -1.2753011021062997 1.1622156310047718 1.8070297752269964 0.035586447452811226 0.9899765434985962 0.36917869740158643 2
HH0617-rgb_2017_3_26_22_0_0 1790 -0.9346150556403878 -0.6085395502858703 0.3452634825117745 -0.7805646209334589 -1.9655527949608789 -0.6771191398683326 -1.0983372422437023 1
HH0617-rgb_2017_3_26_22_0_0 1790 0.40114168939452793 -0.7937510924582117 1.158753969358615 1.7301705357370818 1.0361560686596563 -0.2603452190266004 0.09615247607223036 2
HH0617-rgb_2017_3_26_22_0_0 1035 -0.7676454625110233 -0.08994723220331409 -1.7109635353053456 -0.5627967757120345 -0.9649831737540339 0.017504061534554412 -1.200722075242211 1
HH0617-rgb_2017_3_26_22_0_0 1035 -1.0777318497512716 -0.8678357093271483 0.3452634825117745 -0.7037053814435444 0.8360421444182872 -0.12142057874602298 0.5739483633986036 0
HH0617-rgb_2017_3_26_22_0_0 1035 0.04334970411731836 -1.3864280274097045 1.1760622775893987 1.7686001554820392 -0.36464140102992676 0.9899765434985962 0.09615247607223036 2
HH0617-rgb_2017_3_26_22_0_0 1800 -0.9823206536773491 -0.8678357093271483 0.3556484674502448 -0.7805646209334589 -1.1650970979954027 -1.7885162621129518 -0.8253110209143463 1
HH0617-rgb_2017_3_26_22_0_0 1800 0.35343609135756665 -0.8678357093271483 1.1656772926509285 1.7686001554820392 -0.7648692495126648 0.5732026226568641 -0.24513030058946472 2
HH0617-rgb_2017_3_26_22_0_0 505 -0.7676454625110233 0.31751816057583715 -1.6728852571976214 -0.4475079164771627 -0.36464140102992676 -0.81604378014891 -1.1665937975760414 0
HH0617-rgb_2017_3_26_22_0_0 505 -0.21903108508596866 0.31751816057583715 1.158753969358615 -0.8189942406784162 0.035586447452811226 -0.3992698593071778 0.33505041973541694 0
HH0617-rgb_2017_3_26_22_0_0 1155 -0.9346150556403878 0.058222001534559094 -1.6798085804899348 -0.4090782967322054 -1.1650970979954027 -0.5381944995877552 -1.4396200189053974 0
HH0617-rgb_2017_3_26_22_0_0 1155 -1.053879050732791 -1.0160049430650215 0.3244935126348339 -0.7421350011885016 -1.9655527949608789 1.267825824059751 1.2565139167219936 1
HH0617-rgb_2017_3_26_22_0_0 1155 0.40114168939452793 -0.7196664755892751 1.158753969358615 1.7301705357370818 1.2362699929010252 0.5732026226568641 0.09615247607223036 2
HH0617-rgb_2017_3_26_22_0_0 1380 -0.9584678546588684 0.31751816057583715 -1.6001903626283291 -0.34502893049061 1.2362699929010252 -1.6495916218323743 -1.4396200189053974 0
HH0617-rgb_2017_3_26_22_0_0 1380 -1.0061734526958297 -0.7196664755892751 0.2829535728809527 -0.6140362687053108 -0.36464140102992676 -1.3717423412712195 1.9049511923792144 1
HH0617-rgb_2017_3_26_22_0_0 1380 0.16261369920972155 -0.9048780177616166 1.1656772926509285 1.7301705357370818 -0.16452747678855778 1.8235243851820606 -0.8935675762466854 2
HH0617-rgb_2017_3_26_22_0_0 920 -0.9823206536773491 -0.5714972418514019 0.293338557819423 -0.6012263954569917 -0.16452747678855778 -1.0938930607100648 1.0176159730588072 0
HH0617-rgb_2017_3_26_22_0_0 920 0.5681112825238924 -0.6826241671548068 1.1518306460663015 1.7301705357370818 1.0361560686596563 0.2953533420957092 -0.1768737452571257 2
HH0617-rgb_2017_3_26_22_0_0 2110 -1.1492902468067134 -0.8678357093271483 0.3037235427578933 -0.6780856349469062 -0.5647553252712958 -0.5381944995877552 1.3247704720543327 0
HH0617-rgb_2017_3_26_22_0_0 2110 0.1387609001912409 -0.8678357093271483 1.1656772926509285 1.7686001554820392 -0.9649831737540339 0.7121272629374414 -0.8253110209143463 2
HH0617-rgb_2017_3_26_22_0_0 75 -0.9346150556403878 -0.8678357093271483 -1.3682590323358257 -1.2673398043695843 0.8360421444182872 0.1564287018151318 0.6763331963971121 1
HH0617-rgb_2017_3_26_22_0_0 75 -1.0061734526958297 -0.8678357093271483 0.3037235427578933 -0.6908955081952253 -0.5647553252712958 0.4342779823762866 1.802566359380706 1
HH0617-rgb_2017_3_26_22_0_0 1425 -1.0061734526958297 -0.7196664755892751 0.293338557819423 -0.6908955081952253 -0.7648692495126648 -0.9549684204294874 2.21210569137474 1
HH0617-rgb_2017_3_26_22_0_0 1425 0.11490810117276026 -0.8307934008926801 1.158753969358615 1.7686001554820392 -1.1650970979954027 0.9899765434985962 -0.9618241315790244 2
HH0617-rgb_2017_3_26_22_0_0 760 -0.8153510605479846 0.42864508587924205 -1.6590386106129942 -0.42188816998052453 -0.16452747678855778 -0.9549684204294874 -0.9959524092451939 0
HH0617-rgb_2017_3_26_22_0_0 760 -1.0061734526958297 -0.8678357093271483 0.3244935126348339 -0.7293251279401826 -0.5647553252712958 0.1564287018151318 0.9152311400602986 1
HH0617-rgb_2017_3_26_22_0_0 760 0.1387609001912409 -1.0160049430650215 1.1795239392355557 1.7301705357370818 -0.7648692495126648 0.7121272629374414 0.33505041973541694 2
HH0617-rgb_2017_3_26_22_0_0 990 -0.3860006782153331 2.2437181991681885 -1.7040402120130322 -0.4090782967322054 -0.5647553252712958 0.9899765434985962 -1.473748296571567 0
HH0617-rgb_2017_3_26_22_0_0 990 -1.053879050732791 -0.8678357093271483 0.3141085276963636 -0.6652757616985872 2.0367256898665014 -2.3442148232352613 -0.10861718992478668 1
HH0617-rgb_2017_3_26_22_0_0 1330 -1.1015846487697523 -0.7196664755892751 0.3141085276963636 -0.639656015201949 -1.1650970979954027 -2.205290182954684 -0.38164341125414275 1
HH0617-rgb_2017_3_26_22_0_0 1330 0.40114168939452793 -0.7567087840237434 1.1795239392355557 1.7301705357370818 0.8360421444182872 -0.3992698593071778 -0.4498999665864818 2
HH0617-rgb_2017_3_26_22_0_0 1495 -0.9823206536773491 0.058222001534559094 -1.6694235955514645 -0.4090782967322054 0.035586447452811226 -0.6771191398683326 -1.883287628565601 0
HH0617-rgb_2017_3_26_22_0_0 1495 -0.9107622566219071 -0.27515877437565556 0.3141085276963636 -0.6652757616985872 -0.7648692495126648 -1.927440902393529 0.9152311400602986 0
HH0617-rgb_2017_3_26_22_0_0 1495 0.30573049332060537 -0.7567087840237434 1.1622156310047718 1.7686001554820392 -0.5647553252712958 0.8510519032180188 -0.9618241315790244 2
HH0617-rgb_2017_3_26_22_0_0 210 -0.29058948214141056 -1.349385718975236 -0.3747621398888332 -1.4594879030943704 1.0361560686596563 2.657072226865525 0.8128463070617901 1
HH0617-rgb_2017_3_26_22_0_0 210 1.3314008511152728 0.9472374039617982 1.1864472625278693 -1.2032904381279887 0.035586447452811226 -0.12142057874602298 0.8811028623941292 2
HH0617-rgb_2017_3_26_22_0_0 1640 -1.0300262517143104 -0.9789626346305532 0.3348784975733042 -0.7805646209334589 -2.3657806434436166 -0.6771191398683326 0.1644090314045694 1
HH0617-rgb_2017_3_26_22_0_0 1640 0.16261369920972155 -0.9048780177616166 1.1656772926509285 1.7686001554820392 -1.3652110222367717 0.5732026226568641 -0.5522847995849902 2
HH0617-rgb_2017_3_26_22_0_0 370 -0.8869094576034265 0.46568739431371037 -1.63134531744374 -0.5115572827187581 0.035586447452811226 -0.2603452190266004 -0.9276958539128548 0
HH0617-rgb_2017_3_26_22_0_0 370 -0.40985347723381377 0.5027297027481786 0.35218680580408807 -0.7805646209334589 -1.76543887071951 -0.9549684204294874 1.8366946370468753 0
HH0617-rgb_2017_3_26_22_0_0 1720 -0.8869094576034265 0.5768143196171153 -1.648653625674524 -0.39626842348388636 1.4363839171423942 1.1289011837791736 -1.0642089645775328 0
HH0617-rgb_2017_3_26_22_0_0 1720 -1.053879050732791 -0.9789626346305532 0.3452634825117745 -0.7037053814435444 0.6359282201769182 -0.9549684204294874 0.33505041973541694 1
HH0617-rgb_2017_3_26_22_0_0 1720 0.329583292339086 -0.7937510924582117 1.158753969358615 1.7301705357370818 0.6359282201769182 0.4342779823762866 -0.6205413549173292 2
HH0617-rgb_2017_3_26_22_0_0 1085 -0.9107622566219071 -0.3122010828101239 0.28641523452710943 -0.6268461419536299 1.4363839171423942 -1.7885162621129518 1.3930270273866718 0
HH0617-rgb_2017_3_26_22_0_0 1085 0.35343609135756665 -1.0160049430650215 1.1691389542970854 1.8070297752269964 -0.36464140102992676 0.7121272629374414 -0.5181565219188208 2
HH0617-rgb_2017_3_26_22_0_0 600 -0.9107622566219071 0.6879412449205201 -1.63134531744374 -0.4475079164771627 0.6359282201769182 0.017504061534554412 -0.8253110209143463 0
HH0617-rgb_2017_3_26_22_0_0 600 -1.0061734526958297 -0.8678357093271483 0.3141085276963636 -0.6140362687053108 -0.9649831737540339 -2.4831394635158386 1.3930270273866718 1
HH0617-rgb_2017_3_26_22_0_0 600 0.6158168805608537 -0.015862615334377494 1.3214520667279832 1.0512472535761703 0.035586447452811226 0.1564287018151318 -1.9174159062317706 2
HH0617-rgb_2017_3_26_22_0_0 1250 -0.8869094576034265 0.539772011182647 -1.63134531744374 -0.39626842348388636 1.0361560686596563 1.5456751046209058 -1.4396200189053974 0
HH0617-rgb_2017_3_26_22_0_0 1250 -1.1015846487697523 -0.7196664755892751 0.3141085276963636 -0.6780856349469062 1.4363839171423942 -1.7885162621129518 -0.8253110209143463 0
HH0617-rgb_2017_3_26_22_0_0 1245 -0.9823206536773491 0.169348926837964 -1.6832702421360917 -0.4090782967322054 -1.1650970979954027 -0.12142057874602298 -1.5078765742377365 0
HH0617-rgb_2017_3_26_22_0_0 1245 -1.053879050732791 -0.7196664755892751 0.3141085276963636 -0.6652757616985872 0.8360421444182872 -1.927440902393529 -0.006232356926278159 0
HH0617-rgb_2017_3_26_22_0_0 1245 0.47270008644996986 -1.0530472514994897 1.1483689844201448 1.7301705357370818 -0.5647553252712958 0.9899765434985962 -0.2110020229232952 2
HH0617-rgb_2017_3_26_22_0_0 615 -0.8392038595664653 0.058222001534559094 -1.690193565428405 -0.46031778972548176 -1.3652110222367717 -1.3717423412712195 -0.9276958539128548 1
HH0617-rgb_2017_3_26_22_0_0 615 -1.053879050732791 -0.8678357093271483 0.3141085276963636 -0.6652757616985872 2.0367256898665014 -1.7885162621129518 -0.7911827432481768 0
HH0617-rgb_2017_3_26_22_0_0 615 0.2818776943021247 -0.49741262498246536 1.2695271420356316 0.9743880140862559 -1.565324946478141 0.4342779823762866 -1.3031069082407194 2
HH0617-rgb_2017_3_26_22_0_0 1090 -0.9107622566219071 0.169348926837964 -1.6832702421360917 -0.4475079164771627 -0.7648692495126648 0.1564287018151318 -0.9618241315790244 0
HH0617-rgb_2017_3_26_22_0_0 1090 0.3772888903760473 -0.9419203261960849 1.1622156310047718 1.7686001554820392 0.6359282201769182 0.017504061534554412 -0.34751513358797326 2
HH0617-rgb_2017_3_26_22_0_0 1735 0.35343609135756665 -0.8678357093271483 1.1656772926509285 1.7686001554820392 0.035586447452811226 0.4342779823762866 -0.31338685592180376 2
HH0617-rgb_2017_3_26_22_0_0 365 -0.8392038595664653 0.42864508587924205 -1.6105753475667994 -0.49874740947043905 0.6359282201769182 0.1564287018151318 0.36917869740158643 0
HH0617-rgb_2017_3_26_22_0_0 365 -0.7676454625110233 0.6508989364860518 0.3556484674502448 -0.7165152546918635 -0.9649831737540339 0.2953533420957092 0.8811028623941292 0
HH0617-rgb_2017_3_26_22_0_0 1655 -1.053879050732791 -0.9789626346305532 0.3348784975733042 -0.7421350011885016 -0.7648692495126648 0.2953533420957092 -0.2792585782556342 1
HH0617-rgb_2017_3_26_22_0_0 1655 0.30573049332060537 -0.8678357093271483 1.1656772926509285 1.7686001554820392 -0.36464140102992676 0.8510519032180188 -0.41577168892031224 2
HH0617-rgb_2017_3_26_22_0_0 205 -0.17132548704900738 -1.0530472514994897 -0.3747621398888332 -1.4210582833494132 -0.36464140102992676 2.1013736657432154 1.2906421943881632 1
HH0617-rgb_2017_3_26_22_0_0 205 -1.1492902468067134 -0.6085395502858703 0.24487529477322822 -0.49874740947043905 -1.565324946478141 0.9899765434985962 -0.6887979102496683 0
HH0617-rgb_2017_3_26_22_0_0 205 1.2836952530783114 0.8361104786583933 1.1795239392355557 -1.3057694241145414 0.8360421444182872 -0.2603452190266004 0.5056918080662645 2
HH0617-rgb_2017_3_26_22_0_0 1480 -0.9823206536773491 0.169348926837964 -1.6625002722591509 -0.4090782967322054 0.43581429593554916 -0.2603452190266004 -1.6443896849024144 0
HH0617-rgb_2017_3_26_22_0_0 1480 -0.9823206536773491 -0.27515877437565556 0.2829535728809527 -0.639656015201949 2.0367256898665014 -1.510666981551797 1.4271553050528412 0
HH0617-rgb_2017_3_26_22_0_0 1480 0.30573049332060537 -0.7196664755892751 1.158753969358615 1.7686001554820392 -0.5647553252712958 0.7121272629374414 -0.8253110209143463 2
HH0617-rgb_2017_3_26_22_0_0 1325 -1.0061734526958297 0.169348926837964 -1.6625002722591509 -0.4090782967322054 0.8360421444182872 0.1564287018151318 -1.815031073233262 0
HH0617-rgb_2017_3_26_22_0_0 1325 -1.1015846487697523 -0.8678357093271483 0.3244935126348339 -0.6780856349469062 2.23683961410787 -1.6495916218323743 0.13028075373839987 0
HH0617-rgb_2017_3_26_22_0_0 1325 0.4488472874314892 -0.9048780177616166 1.1760622775893987 1.7301705357370818 1.0361560686596563 -0.5381944995877552 0.36917869740158643 2
HH0617-rgb_2017_3_26_22_0_0 985 -0.8630566585849458 -0.08994723220331409 -1.7005785503668753 -0.48593753622211994 -2.766008491926355 -0.6771191398683326 -1.200722075242211 1
HH0617-rgb_2017_3_26_22_0_0 985 -1.053879050732791 -0.7196664755892751 0.3141085276963636 -0.6652757616985872 1.2362699929010252 -2.205290182954684 0.2326655867369084 0
HH0617-rgb_2017_3_26_22_0_0 775 -0.8869094576034265 0.42864508587924205 -1.6590386106129942 -0.4346980432288436 -0.36464140102992676 -0.81604378014891 -0.9618241315790244 0
HH0617-rgb_2017_3_26_22_0_0 775 -1.053879050732791 -0.8678357093271483 0.3244935126348339 -0.7421350011885016 -1.3652110222367717 -0.5381944995877552 0.9152311400602986 1
HH0617-rgb_2017_3_26_22_0_0 775 0.019496905098837718 -0.6085395502858703 1.1864472625278693 1.7301705357370818 -0.16452747678855778 0.9899765434985962 -1.5078765742377365 2
HH0617-rgb_2017_3_26_22_0_0 5 -0.6722342664371008 0.058222001534559094 -1.690193565428405 -0.5627967757120345 -0.16452747678855778 -2.4831394635158386 -2.258698682893466 1
HH0617-rgb_2017_3_26_22_0_0 5 -0.6006758693816588 0.9101950955273299 0.3141085276963636 -0.6652757616985872 0.8360421444182872 -0.12142057874602298 2.1097208583762312 0
HH0617-rgb_2017_3_26_22_0_0 5 1.0451672628935051 3.280902835333301 3.190749355652638 1.153726239562723 -0.7648692495126648 0.017504061534554412 1.2906421943881632 0
HH0617-rgb_2017_3_26_22_0_0 1455 -0.9823206536773491 0.058222001534559094 -1.6590386106129942 -0.4090782967322054 0.8360421444182872 -0.6771191398683326 -1.7126462402347535 0
HH0617-rgb_2017_3_26_22_0_0 1455 -0.3860006782153331 0.799068170223925 0.3418018208656177 -0.7805646209334589 -1.565324946478141 0.7121272629374414 1.8366946370468753 0
HH0617-rgb_2017_3_26_22_0_0 1455 0.35343609135756665 -0.8307934008926801 1.158753969358615 1.7686001554820392 0.035586447452811226 0.7121272629374414 -0.41577168892031224 2
HH0617-rgb_2017_3_26_22_0_0 950 -1.0061734526958297 -0.49741262498246536 0.3244935126348339 -0.6908955081952253 2.23683961410787 -2.6220641037964163 -0.38164341125414275 0
HH0617-rgb_2017_3_26_22_0_0 950 0.40114168939452793 -0.7937510924582117 1.1483689844201448 1.7301705357370818 1.8366117656251322 0.7121272629374414 -0.5864130772511598 2
HH0617-rgb_2017_3_26_22_0_0 575 -0.5052646733077363 0.46568739431371037 -1.690193565428405 -0.6268461419536299 -0.16452747678855778 -1.6495916218323743 -2.190442127561127 0
HH0617-rgb_2017_3_26_22_0_0 575 -1.0061734526958297 -0.8678357093271483 0.3141085276963636 -0.6908955081952253 0.43581429593554916 -0.3992698593071778 0.8469745847279596 1
HH0617-rgb_2017_3_26_22_0_0 575 -0.2428838841044493 -0.27515877437565556 1.0756740898508526 0.41075359116021604 1.2362699929010252 1.1289011837791736 -2.2928269605596356 2
HH0617-rgb_2017_3_26_22_0_0 1125 -0.9107622566219071 0.169348926837964 -1.6832702421360917 -0.4475079164771627 -1.1650970979954027 0.5732026226568641 -1.337235185906889 0
HH0617-rgb_2017_3_26_22_0_0 1125 -1.1015846487697523 -0.46037031654799704 0.25526027971169857 -0.4475079164771627 -0.9649831737540339 0.7121272629374414 0.7445897517294511 0
HH0617-rgb_2017_3_26_22_0_0 1870 -1.1015846487697523 -0.8678357093271483 0.3141085276963636 -0.7421350011885016 0.8360421444182872 1.4067504643403284 -0.07448891225861717 0
HH0617-rgb_2017_3_26_22_0_0 1870 0.35343609135756665 -1.1271318683684264 1.1552923077124582 1.7686001554820392 0.43581429593554916 0.7121272629374414 0.19853730907073888 2
HH0617-rgb_2017_3_26_22_0_0 1680 -1.1015846487697523 -0.9789626346305532 0.3348784975733042 -0.7421350011885016 -1.565324946478141 0.8510519032180188 0.8128463070617901 1
HH0617-rgb_2017_3_26_22_0_0 1680 0.5442584835054117 -0.7937510924582117 1.1691389542970854 1.7686001554820392 0.43581429593554916 -0.12142057874602298 0.09615247607223036 2
HH0617-rgb_2017_3_26_22_0_0 415 -0.8630566585849458 0.6879412449205201 -1.63134531744374 -0.5243671559670772 0.43581429593554916 0.4342779823762866 -0.38164341125414275 0
HH0617-rgb_2017_3_26_22_0_0 415 -1.053879050732791 -0.8678357093271483 0.3141085276963636 -0.7037053814435444 0.035586447452811226 -0.6771191398683326 0.6763331963971121 1
HH0617-rgb_2017_3_26_22_0_0 1045 -0.5052646733077363 0.1323066184034957 -1.693655227074562 -0.6652757616985872 1.2362699929010252 -0.5381944995877552 -1.0642089645775328 1
HH0617-rgb_2017_3_26_22_0_0 1045 -0.6960870654555814 0.5768143196171153 0.3452634825117745 -0.6908955081952253 -1.565324946478141 -0.9549684204294874 1.3247704720543327 0
HH0617-rgb_2017_3_26_22_0_0 1045 0.21031929724668283 -1.2382587936718312 1.1691389542970854 1.7686001554820392 0.23570037169418023 0.7121272629374414 0.02789592073989135 2
HH0617-rgb_2017_3_26_22_0_0 1910 -1.053879050732791 -0.7196664755892751 0.293338557819423 -0.7037053814435444 -0.16452747678855778 -0.12142057874602298 1.8708229147130448 0
HH0617-rgb_2017_3_26_22_0_0 1910 0.35343609135756665 -1.1271318683684264 1.1552923077124582 1.7686001554820392 0.6359282201769182 0.7121272629374414 0.2326655867369084 2
HH0617-rgb_2017_3_26_22_0_0 2000 -1.053879050732791 -0.7196664755892751 0.293338557819423 -0.7037053814435444 -0.5647553252712958 -1.0938930607100648 2.075592580710062 0
HH0617-rgb_2017_3_26_22_0_0 2000 0.35343609135756665 -1.1271318683684264 1.1552923077124582 1.7686001554820392 0.23570037169418023 0.7121272629374414 0.6422049187309425 2
HH0617-rgb_2017_3_26_22_0_0 165 -0.529117472326217 -0.9789626346305532 -0.10475253148860533 -1.536347142584285 0.23570037169418023 0.9899765434985962 -0.9276958539128548 1
HH0617-rgb_2017_3_26_22_0_0 165 -0.17132548704900738 0.6138566280515836 0.3591101290964016 -0.8189942406784162 -1.1650970979954027 -1.3717423412712195 1.5295401380513498 0
HH0617-rgb_2017_3_26_22_0_0 165 0.663522478597815 0.058222001534559094 1.4149169311742158 -1.3441990438594986 0.035586447452811226 0.1564287018151318 -0.24513030058946472 2
HH0617-rgb_2017_3_26_22_0_0 1535 -0.9346150556403878 0.5768143196171153 -1.6105753475667994 -0.3706486769872482 1.8366117656251322 -0.5381944995877552 -1.883287628565601 0
HH0617-rgb_2017_3_26_22_0_0 1535 -1.053879050732791 -0.9789626346305532 0.3348784975733042 -0.7421350011885016 -0.16452747678855778 -1.7885162621129518 -0.006232356926278159 1
HH0617-rgb_2017_3_26_22_0_0 1535 0.5681112825238924 -1.0900895599339582 1.1864472625278693 1.61488167650221 -0.7648692495126648 0.1564287018151318 0.8128463070617901 2
HH0617-rgb_2017_3_26_22_0_0 830 -1.0777318497512716 -0.8678357093271483 0.3348784975733042 -0.7037053814435444 1.2362699929010252 -0.81604378014891 -1.0300806869113635 0
HH0617-rgb_2017_3_26_22_0_0 830 0.40114168939452793 -0.9789626346305532 1.172600615943242 1.7686001554820392 -0.16452747678855778 0.9899765434985962 -0.41577168892031224 2
HH0617-rgb_2017_3_26_22_0_0 1290 -1.053879050732791 -0.8678357093271483 0.3244935126348339 -0.7037053814435444 1.4363839171423942 -0.9549684204294874 -0.006232356926278159 0
HH0617-rgb_2017_3_26_22_0_0 1290 0.4965528854684505 -1.2382587936718312 1.189908924174026 1.6917409159921246 -0.16452747678855778 0.8510519032180188 0.13028075373839987 2
HH0617-rgb_2017_3_26_22_0_0 1285 -1.1015846487697523 -0.8678357093271483 0.3244935126348339 -0.6780856349469062 1.6364978413837632 -1.7885162621129518 0.2326655867369084 0
HH0617-rgb_2017_3_26_22_0_0 1285 0.4965528854684505 -1.2382587936718312 1.189908924174026 1.6917409159921246 -0.16452747678855778 0.8510519032180188 0.4033069750677559 2
HH0617-rgb_2017_3_26_22_0_0 825 -0.9346150556403878 -0.9789626346305532 0.3452634825117745 -0.8189942406784162 -2.565894567684986 -1.510666981551797 2.075592580710062 1
HH0617-rgb_2017_3_26_22_0_0 825 0.4249944884130086 -0.8678357093271483 1.1656772926509285 1.7301705357370818 0.6359282201769182 0.7121272629374414 -0.2110020229232952 2
HH0617-rgb_2017_3_26_22_0_0 1520 -0.9584678546588684 -0.7196664755892751 0.3244935126348339 -0.7165152546918635 0.43581429593554916 -0.5381944995877552 -0.9618241315790244 1
HH0617-rgb_2017_3_26_22_0_0 1520 0.21031929724668283 -0.8307934008926801 1.1691389542970854 1.7686001554820392 -0.5647553252712958 0.7121272629374414 -1.3713634635730585 2
HH0617-rgb_2017_3_26_22_0_0 2015 -0.719939864474062 0.6138566280515836 0.3037235427578933 -0.7037053814435444 1.0361560686596563 -1.2328177009906423 1.4954118603851803 0
HH0617-rgb_2017_3_26_22_0_0 2015 0.35343609135756665 -1.1271318683684264 1.1552923077124582 1.7686001554820392 0.43581429593554916 0.8510519032180188 0.2667938644030779 2
HH0617-rgb_2017_3_26_22_0_0 170 -0.5052646733077363 -1.3864280274097045 -0.1428308095963298 -1.561966889080923 0.8360421444182872 1.267825824059751 2.143849136042401 1
HH0617-rgb_2017_3_26_22_0_0 170 1.0928728609304663 0.42864508587924205 1.4910734873896647 -1.4979175228393278 0.035586447452811226 -0.3992698593071778 -0.1427454675909562 2
HH0617-rgb_2017_3_26_22_0_0 1905 -0.7676454625110233 0.8361104786583933 0.293338557819423 -0.7165152546918635 1.0361560686596563 -0.6771191398683326 1.5636684157175194 0
HH0617-rgb_2017_3_26_22_0_0 1905 0.35343609135756665 -1.1271318683684264 1.1552923077124582 1.7686001554820392 0.6359282201769182 0.8510519032180188 0.19853730907073888 2
HH0617-rgb_2017_3_26_22_0_0 1050 -1.053879050732791 -0.8678357093271483 0.3244935126348339 -0.7037053814435444 0.43581429593554916 0.017504061534554412 -0.4498999665864818 0
HH0617-rgb_2017_3_26_22_0_0 1050 0.4249944884130086 -1.1271318683684264 1.1656772926509285 1.7301705357370818 -0.36464140102992676 0.8510519032180188 -0.31338685592180376 2
HH0617-rgb_2017_3_26_22_0_0 400 -0.9823206536773491 0.31751816057583715 -1.6105753475667994 -0.48593753622211994 0.8360421444182872 -0.5381944995877552 -0.8253110209143463 0
HH0617-rgb_2017_3_26_22_0_0 400 -1.0777318497512716 -0.8678357093271483 0.3244935126348339 -0.7037053814435444 1.6364978413837632 -1.6495916218323743 -0.9276958539128548 0
HH0617-rgb_2017_3_26_22_0_0 1695 -0.8869094576034265 0.42864508587924205 -1.6694235955514645 -0.39626842348388636 0.035586447452811226 0.2953533420957092 -1.5761331295700756 0
HH0617-rgb_2017_3_26_22_0_0 1695 -1.0061734526958297 -0.9789626346305532 0.3348784975733042 -0.7293251279401826 -0.36464140102992676 0.5732026226568641 -0.10861718992478668 1
HH0617-rgb_2017_3_26_22_0_0 1695 0.35343609135756665 -0.8678357093271483 1.1552923077124582 1.7301705357370818 1.0361560686596563 0.1564287018151318 -0.2792585782556342 2
HH0617-rgb_2017_3_26_22_0_0 1865 -0.45755907527077505 0.46568739431371037 -1.7628884599976973 -0.6652757616985872 -0.7648692495126648 -1.927440902393529 -2.190442127561127 1
HH0617-rgb_2017_3_26_22_0_0 1865 -1.1015846487697523 -1.0160049430650215 0.3244935126348339 -0.7421350011885016 0.035586447452811226 0.7121272629374414 0.47156353040009497 1
HH0617-rgb_2017_3_26_22_0_0 1865 0.35343609135756665 -1.0160049430650215 1.158753969358615 1.7686001554820392 0.6359282201769182 0.4342779823762866 -0.4840282442526513 2
HH0617-rgb_2017_3_26_22_0_0 1130 -0.9107622566219071 0.058222001534559094 -1.6798085804899348 -0.4475079164771627 -0.7648692495126648 0.2953533420957092 -1.2348503529083805 0
HH0617-rgb_2017_3_26_22_0_0 1130 0.5204056844869311 -0.7567087840237434 1.1691389542970854 1.7686001554820392 1.0361560686596563 0.4342779823762866 -0.2110020229232952 2
HH0617-rgb_2017_3_26_22_0_0 560 -0.7676454625110233 0.20639123527243228 -1.690193565428405 -0.5243671559670772 -2.165666719202248 -1.7885162621129518 -1.6443896849024144 1
HH0617-rgb_2017_3_26_22_0_0 560 -0.9823206536773491 -0.8678357093271483 0.3141085276963636 -0.6780856349469062 0.43581429593554916 -0.12142057874602298 1.2223856390558243 1
HH0617-rgb_2017_3_26_22_0_0 560 -0.07591429097508483 0.20639123527243228 1.127599014543204 0.34670422491862063 0.43581429593554916 0.7121272629374414 -2.156313849894957 2
HH0617-rgb_2017_3_26_22_0_0 945 -1.1492902468067134 0.31751816057583715 -1.5205721447667235 -0.191310451510781 -0.9649831737540339 0.5732026226568641 -0.4840282442526513 0
HH0617-rgb_2017_3_26_22_0_0 945 -1.0777318497512716 -0.6085395502858703 0.3244935126348339 -0.6652757616985872 0.8360421444182872 -2.205290182954684 -0.5522847995849902 0
HH0617-rgb_2017_3_26_22_0_0 945 0.40114168939452793 -0.7937510924582117 1.1483689844201448 1.7301705357370818 1.6364978413837632 0.9899765434985962 -0.31338685592180376 2
HH0617-rgb_2017_3_26_22_0_0 1440 -1.1731430458251941 -0.8678357093271483 0.26218360300401206 -0.5756066489603535 2.4369535383492393 0.7121272629374414 -1.473748296571567 0
HH0617-rgb_2017_3_26_22_0_0 1440 0.23417209626516347 -0.8678357093271483 1.1552923077124582 1.7686001554820392 -0.16452747678855778 0.9899765434985962 -0.5864130772511598 2
HH0617-rgb_2017_3_26_22_0_0 10 -0.8630566585849458 0.058222001534559094 -1.690193565428405 -0.5243671559670772 -1.76543887071951 -1.6495916218323743 -1.9174159062317706 1
HH0617-rgb_2017_3_26_22_0_0 10 nan nan nan nan nan nan nan 0
HH0617-rgb_2017_3_26_22_0_0 1450 -0.9823206536773491 0.169348926837964 -1.6625002722591509 -0.4090782967322054 0.6359282201769182 0.017504061534554412 -1.7809027955670926 0
HH0617-rgb_2017_3_26_22_0_0 1450 -1.053879050732791 -0.7196664755892751 0.2829535728809527 -0.6652757616985872 0.035586447452811226 -1.510666981551797 2.1097208583762312 0
HH0617-rgb_2017_3_26_22_0_0 1450 0.30573049332060537 -0.7196664755892751 1.158753969358615 1.7686001554820392 -0.16452747678855778 0.5732026226568641 -0.8935675762466854 2
HH0617-rgb_2017_3_26_22_0_0 955 -1.0061734526958297 -0.49741262498246536 0.3037235427578933 -0.6524658884502681 1.4363839171423942 -2.0663655426741068 0.47156353040009497 0
HH0617-rgb_2017_3_26_22_0_0 955 0.4249944884130086 -0.8307934008926801 1.1483689844201448 1.6917409159921246 0.6359282201769182 0.2953533420957092 -0.41577168892031224 2
HH0617-rgb_2017_3_26_22_0_0 1120 -1.0061734526958297 0.46568739431371037 -1.6209603325052697 -0.4475079164771627 -0.9649831737540339 0.8510519032180188 -1.815031073233262 0
HH0617-rgb_2017_3_26_22_0_0 570 -0.6006758693816588 0.539772011182647 -1.6417303023822103 -0.6268461419536299 -1.76543887071951 -0.5381944995877552 -1.7126462402347535 0
HH0617-rgb_2017_3_26_22_0_0 570 -1.053879050732791 -1.0160049430650215 0.3244935126348339 -0.6652757616985872 1.8366117656251322 -1.510666981551797 0.06202419840606086 1
HH0617-rgb_2017_3_26_22_0_0 570 0.067202503135799 0.09526430996902739 1.041057473389285 0.34670422491862063 1.2362699929010252 -0.2603452190266004 -1.6102614072362451 2
HH0617-rgb_2017_3_26_22_0_0 1685 0.4488472874314892 -0.9419203261960849 1.1622156310047718 1.7301705357370818 0.43581429593554916 0.017504061534554412 0.2667938644030779 2
HH0617-rgb_2017_3_26_22_0_0 1875 -1.0300262517143104 -0.8678357093271483 0.3141085276963636 -0.7805646209334589 -2.9661224161677238 -1.2328177009906423 -0.5864130772511598 1
HH0617-rgb_2017_3_26_22_0_0 1875 0.21031929724668283 -1.2753011021062997 1.1622156310047718 1.7686001554820392 -0.16452747678855778 1.1289011837791736 0.09615247607223036 2
HH0617-rgb_2017_3_26_22_0_0 1040 -0.6722342664371008 -0.23811646594118727 -1.7213485202438161 -0.5627967757120345 0.23570037169418023 -1.0938930607100648 -2.053929016896449 1
HH0617-rgb_2017_3_26_22_0_0 1040 -0.6245286684001395 0.6508989364860518 0.34872514415793127 -0.7165152546918635 -1.565324946478141 -1.510666981551797 1.1882573613896548 0
HH0617-rgb_2017_3_26_22_0_0 1040 0.2580248952836441 -1.1641741768028946 1.172600615943242 1.7301705357370818 0.23570037169418023 0.8510519032180188 -0.2792585782556342 2
HH0617-rgb_2017_3_26_22_0_0 410 -0.8630566585849458 0.6879412449205201 -1.63134531744374 -0.5243671559670772 0.6359282201769182 0.1564287018151318 -0.2110020229232952 0
HH0617-rgb_2017_3_26_22_0_0 410 -1.0061734526958297 -0.8678357093271483 0.3244935126348339 -0.7293251279401826 -0.16452747678855778 -0.81604378014891 -0.5522847995849902 1
HH0617-rgb_2017_3_26_22_0_0 1915 -0.6722342664371008 0.9842797123962664 0.3037235427578933 -0.7293251279401826 1.2362699929010252 -0.81604378014891 1.9732077477115535 0
HH0617-rgb_2017_3_26_22_0_0 1915 0.35343609135756665 -1.1271318683684264 1.1552923077124582 1.7686001554820392 0.8360421444182872 0.7121272629374414 0.02789592073989135 2
HH0617-rgb_2017_3_26_22_0_0 1530 -0.9584678546588684 0.6879412449205201 -1.6209603325052697 -0.38345855023556724 1.8366117656251322 0.5732026226568641 -1.1665937975760414 0
HH0617-rgb_2017_3_26_22_0_0 1530 -1.0777318497512716 -0.9789626346305532 0.3348784975733042 -0.7037053814435444 -0.16452747678855778 -1.2328177009906423 -1.473748296571567 1
HH0617-rgb_2017_3_26_22_0_0 1530 0.5681112825238924 -1.0530472514994897 1.1795239392355557 1.6533112962471674 -0.16452747678855778 0.8510519032180188 0.8811028623941292 2
HH0617-rgb_2017_3_26_22_0_0 2005 -1.1015846487697523 -0.8678357093271483 0.3037235427578933 -0.6780856349469062 1.4363839171423942 -1.2328177009906423 1.7343098040483669 0
HH0617-rgb_2017_3_26_22_0_0 2005 0.35343609135756665 -1.1271318683684264 1.1552923077124582 1.7686001554820392 0.8360421444182872 0.5732026226568641 0.09615247607223036 2
HH0617-rgb_2017_3_26_22_0_0 160 -0.45755907527077505 -0.6826241671548068 -0.09436754655013503 -1.523537269335966 0.23570037169418023 -0.5381944995877552 -1.678517962568584 1
HH0617-rgb_2017_3_26_22_0_0 160 nan nan nan nan nan nan nan 0
HH0617-rgb_2017_3_26_22_0_0 160 0.7589336746717374 0.169348926837964 1.5499217353743298 -1.4594879030943704 1.0361560686596563 0.1564287018151318 1.0858725283911461 2
HH0617-rgb_2017_3_26_22_0_0 1295 -1.053879050732791 -0.8678357093271483 0.3244935126348339 -0.7037053814435444 0.6359282201769182 -1.3717423412712195 0.1644090314045694 1
HH0617-rgb_2017_3_26_22_0_0 1295 0.4488472874314892 -0.9419203261960849 1.172600615943242 1.7301705357370818 1.0361560686596563 0.017504061534554412 -0.6205413549173292 2
HH0617-rgb_2017_3_26_22_0_0 835 -0.7437926634925427 0.6138566280515836 -1.6244219941514266 -0.5115572827187581 -0.7648692495126648 0.5732026226568641 -1.337235185906889 0
HH0617-rgb_2017_3_26_22_0_0 835 -1.0300262517143104 -0.8678357093271483 0.3348784975733042 -0.7037053814435444 1.2362699929010252 -1.0938930607100648 -1.0642089645775328 1
HH0617-rgb_2017_3_26_22_0_0 835 0.4965528854684505 -0.8307934008926801 1.1691389542970854 1.7686001554820392 1.0361560686596563 0.017504061534554412 -0.2110020229232952 2
HH0617-rgb_2017_3_26_22_0_0 820 -1.1015846487697523 0.42864508587924205 -1.5690354078129183 -0.3706486769872482 2.0367256898665014 -0.5381944995877552 -1.0983372422437023 0
HH0617-rgb_2017_3_26_22_0_0 820 -0.6483814674186201 1.2435758714375447 0.3452634825117745 -0.7165152546918635 -0.16452747678855778 0.2953533420957092 1.9049511923792144 0
HH0617-rgb_2017_3_26_22_0_0 820 0.1387609001912409 -0.8678357093271483 1.1656772926509285 1.7301705357370818 -0.5647553252712958 0.9899765434985962 -0.41577168892031224 2
HH0617-rgb_2017_3_26_22_0_0 1280 -0.9346150556403878 0.169348926837964 -1.6625002722591509 -0.4090782967322054 -0.16452747678855778 -0.3992698593071778 -1.678517962568584 0
HH0617-rgb_2017_3_26_22_0_0 1280 -1.1015846487697523 -0.8678357093271483 0.3244935126348339 -0.6780856349469062 1.4363839171423942 -1.927440902393529 0.2326655867369084 0
HH0617-rgb_2017_3_26_22_0_0 1280 0.6396696795793343 -1.1271318683684264 1.1864472625278693 1.6917409159921246 -0.16452747678855778 0.7121272629374414 0.5056918080662645 2
HH0617-rgb_2017_3_26_22_0_0 2010 -1.053879050732791 -0.8678357093271483 0.3037235427578933 -0.7421350011885016 -2.9661224161677238 1.5456751046209058 1.4954118603851803 1
HH0617-rgb_2017_3_26_22_0_0 2010 0.35343609135756665 -1.2753011021062997 1.1518306460663015 1.7686001554820392 -0.36464140102992676 0.9899765434985962 0.8128463070617901 2
HH0617-rgb_2017_3_26_22_0_0 175 -0.6006758693816588 -1.2753011021062997 -0.23629567404256252 -1.523537269335966 -0.7648692495126648 1.267825824059751 0.8811028623941292 1
HH0617-rgb_2017_3_26_22_0_0 175 -1.0777318497512716 -0.6826241671548068 0.27603024958863914 -0.6652757616985872 -0.5647553252712958 -1.6495916218323743 2.3486188020394176 0
HH0617-rgb_2017_3_26_22_0_0 175 1.259842454059831 0.8361104786583933 1.5153051189127622 -1.3441990438594986 1.0361560686596563 -0.2603452190266004 -0.1427454675909562 2
HH0617-rgb_2017_3_26_22_0_0 1525 -1.0300262517143104 0.058222001534559094 -1.6590386106129942 -0.38345855023556724 0.8360421444182872 0.017504061534554412 -1.815031073233262 0
HH0617-rgb_2017_3_26_22_0_0 1525 -1.053879050732791 -0.9789626346305532 0.3348784975733042 -0.7037053814435444 0.035586447452811226 -1.0938930607100648 -1.200722075242211 1
HH0617-rgb_2017_3_26_22_0_0 1525 0.4488472874314892 -0.9048780177616166 1.1656772926509285 1.7301705357370818 0.6359282201769182 -0.12142057874602298 0.6763331963971121 2
HH0617-rgb_2017_3_26_22_0_0 1900 -1.0061734526958297 -1.0160049430650215 0.3244935126348339 -0.7677547476851398 -3.3663502646504613 -1.3717423412712195 0.7104614740632816 1
HH0617-rgb_2017_3_26_22_0_0 1900 0.35343609135756665 -1.0160049430650215 1.158753969358615 1.7686001554820392 1.2362699929010252 0.2953533420957092 0.02789592073989135 2
HH0617-rgb_2017_3_26_22_0_0 405 -1.0777318497512716 -0.8678357093271483 0.3244935126348339 -0.7037053814435444 2.0367256898665014 -1.3717423412712195 -0.8253110209143463 0
HH0617-rgb_2017_3_26_22_0_0 1055 -0.9107622566219071 0.169348926837964 -1.6728852571976214 -0.4475079164771627 -0.16452747678855778 -0.3992698593071778 -0.7570544655820073 0
HH0617-rgb_2017_3_26_22_0_0 1055 -1.0061734526958297 -0.8678357093271483 0.3244935126348339 -0.6908955081952253 -0.7648692495126648 0.1564287018151318 1.5295401380513498 1
HH0617-rgb_2017_3_26_22_0_0 1860 -0.6006758693816588 0.31751816057583715 0.3279551742809907 -0.7805646209334589 -0.16452747678855778 -0.3992698593071778 -0.6546696325834988 0
HH0617-rgb_2017_3_26_22_0_0 1860 0.30573049332060537 -1.1271318683684264 1.1552923077124582 1.8070297752269964 0.6359282201769182 0.7121272629374414 -0.006232356926278159 2
HH0617-rgb_2017_3_26_22_0_0 1690 -0.8869094576034265 0.5768143196171153 -1.648653625674524 -0.39626842348388636 0.6359282201769182 1.1289011837791736 -1.5761331295700756 0
HH0617-rgb_2017_3_26_22_0_0 1690 -1.0300262517143104 -0.8678357093271483 0.3348784975733042 -0.7421350011885016 -0.5647553252712958 0.4342779823762866 -0.38164341125414275 1
HH0617-rgb_2017_3_26_22_0_0 1690 0.5442584835054117 -0.7937510924582117 1.158753969358615 1.7301705357370818 0.6359282201769182 -0.3992698593071778 -0.41577168892031224 2
HH0617-rgb_2017_3_26_22_0_0 565 0.11490810117276026 0.0211796931000908 1.0791357514970092 0.30827460517366334 1.2362699929010252 0.9899765434985962 -2.2928269605596356 2
HH0617-rgb_2017_3_26_22_0_0 1135 -0.9346150556403878 0.058222001534559094 -1.6798085804899348 -0.4090782967322054 -1.1650970979954027 -0.2603452190266004 -1.3713634635730585 0
HH0617-rgb_2017_3_26_22_0_0 940 -1.0300262517143104 -0.7196664755892751 0.3348784975733042 -0.6908955081952253 1.2362699929010252 -2.0663655426741068 0.6422049187309425 0
HH0617-rgb_2017_3_26_22_0_0 940 0.40114168939452793 -0.7937510924582117 1.158753969358615 1.7301705357370818 1.6364978413837632 0.7121272629374414 -0.04036063459244767 2
HH0617-rgb_2017_3_26_22_0_0 15 -0.8630566585849458 0.058222001534559094 -1.690193565428405 -0.48593753622211994 -1.1650970979954027 -0.5381944995877552 -0.6887979102496683 0
HH0617-rgb_2017_3_26_22_0_0 15 -0.6722342664371008 0.9842797123962664 0.3141085276963636 -0.6908955081952253 2.0367256898665014 -0.12142057874602298 1.9049511923792144 0
HH0617-rgb_2017_3_26_22_0_0 15 0.8066392727086987 2.3918874329060618 3.1803643707141678 1.435543451025743 -0.16452747678855778 0.1564287018151318 -0.31338685592180376 2
HH0617-rgb_2017_3_26_22_0_0 1445 -0.9823206536773491 0.169348926837964 -1.6625002722591509 -0.4090782967322054 0.43581429593554916 -0.12142057874602298 -1.7126462402347535 0
HH0617-rgb_2017_3_26_22_0_0 1445 -1.053879050732791 -0.6455818587203386 0.25179861806554177 -0.5884165222086727 0.8360421444182872 -1.2328177009906423 -0.6887979102496683 0
HH0617-rgb_2017_3_26_22_0_0 1445 0.35343609135756665 -0.8307934008926801 1.158753969358615 1.7686001554820392 0.23570037169418023 0.5732026226568641 -0.6887979102496683 2
HH0617-rgb_2017_3_26_22_0_0 1335 -1.1015846487697523 -0.7196664755892751 0.3141085276963636 -0.639656015201949 -1.1650970979954027 -2.205290182954684 -0.34751513358797326 1
HH0617-rgb_2017_3_26_22_0_0 1335 0.5442584835054117 -0.9048780177616166 1.1760622775893987 1.7301705357370818 0.43581429593554916 -0.5381944995877552 0.13028075373839987 2
HH0617-rgb_2017_3_26_22_0_0 995 -0.5052646733077363 0.058222001534559094 -1.690193565428405 -0.6268461419536299 1.2362699929010252 -0.6771191398683326 -1.5761331295700756 1
HH0617-rgb_2017_3_26_22_0_0 995 -1.1015846487697523 -0.7196664755892751 0.3141085276963636 -0.6780856349469062 1.2362699929010252 -2.205290182954684 -0.1768737452571257 0
HH0617-rgb_2017_3_26_22_0_0 765 -0.8153510605479846 0.5768143196171153 -1.648653625674524 -0.42188816998052453 0.6359282201769182 0.017504061534554412 -0.9959524092451939 0
HH0617-rgb_2017_3_26_22_0_0 765 -1.0061734526958297 -1.0900895599339582 0.3244935126348339 -0.7677547476851398 -3.166236340409093 -1.6495916218323743 1.802566359380706 1
HH0617-rgb_2017_3_26_22_0_0 765 0.329583292339086 -1.0160049430650215 1.1691389542970854 1.7686001554820392 0.8360421444182872 0.5732026226568641 0.7787180293956206 2
HH0617-rgb_2017_3_26_22_0_0 1490 -0.9346150556403878 0.169348926837964 -1.6625002722591509 -0.4090782967322054 0.6359282201769182 -0.81604378014891 -1.7809027955670926 0
HH0617-rgb_2017_3_26_22_0_0 1490 -1.0300262517143104 -0.9789626346305532 0.3348784975733042 -0.7421350011885016 -0.16452747678855778 -0.12142057874602298 0.8128463070617901 1
HH0617-rgb_2017_3_26_22_0_0 1490 0.40114168939452793 -0.7196664755892751 1.158753969358615 1.7686001554820392 0.035586447452811226 0.5732026226568641 -0.4840282442526513 2
HH0617-rgb_2017_3_26_22_0_0 1645 -1.0300262517143104 -0.8678357093271483 0.3348784975733042 -0.7805646209334589 -2.766008491926355 -1.2328177009906423 -0.5522847995849902 1
HH0617-rgb_2017_3_26_22_0_0 1645 0.30573049332060537 -0.8678357093271483 1.1656772926509285 1.7686001554820392 -0.9649831737540339 0.9899765434985962 -0.5522847995849902 2
HH0617-rgb_2017_3_26_22_0_0 215 -0.6006758693816588 -1.1271318683684264 -0.35399217001189265 -1.4851076495910087 1.0361560686596563 0.7121272629374414 1.3930270273866718 1
HH0617-rgb_2017_3_26_22_0_0 215 -1.053879050732791 -0.7567087840237434 0.25526027971169857 -0.5115572827187581 0.6359282201769182 -0.3992698593071778 -0.6205413549173292 0
HH0617-rgb_2017_3_26_22_0_0 215 1.1644312579859084 0.8361104786583933 1.1795239392355557 -1.1520509451347125 -0.16452747678855778 -0.2603452190266004 0.6422049187309425 2
HH0617-rgb_2017_3_26_22_0_0 1725 0.35343609135756665 -0.8678357093271483 1.1656772926509285 1.7686001554820392 -0.16452747678855778 0.5732026226568641 -0.38164341125414275 2
HH0617-rgb_2017_3_26_22_0_0 375 -0.8630566585849458 0.46568739431371037 -1.6417303023822103 -0.5243671559670772 0.035586447452811226 0.017504061534554412 -0.8594392985805158 0
HH0617-rgb_2017_3_26_22_0_0 375 -0.9823206536773491 -0.8678357093271483 0.3348784975733042 -0.7165152546918635 -1.1650970979954027 0.7121272629374414 -0.8935675762466854 1
HH0617-rgb_2017_3_26_22_0_0 1080 -1.0061734526958297 -0.8678357093271483 0.3244935126348339 -0.6524658884502681 1.0361560686596563 -1.0938930607100648 0.7787180293956206 1
HH0617-rgb_2017_3_26_22_0_0 1080 0.6396696795793343 -0.9048780177616166 1.1656772926509285 1.7686001554820392 -0.16452747678855778 0.017504061534554412 0.02789592073989135 2
HH0617-rgb_2017_3_26_22_0_0 1255 -1.0061734526958297 0.42864508587924205 -1.5690354078129183 -0.31940918399397183 2.23683961410787 -0.6771191398683326 -1.678517962568584 0
HH0617-rgb_2017_3_26_22_0_0 1255 -1.1492902468067134 -0.7937510924582117 0.3141085276963636 -0.6780856349469062 0.8360421444182872 -1.927440902393529 -0.31338685592180376 0
HH0617-rgb_2017_3_26_22_0_0 1255 0.329583292339086 -0.7937510924582117 1.1691389542970854 1.7301705357370818 -0.16452747678855778 0.7121272629374414 -0.6205413549173292 2
HH0617-rgb_2017_3_26_22_0_0 605 -0.8869094576034265 0.5768143196171153 -1.648653625674524 -0.4346980432288436 0.23570037169418023 0.7121272629374414 -1.2689786305745498 0
HH0617-rgb_2017_3_26_22_0_0 605 -0.9346150556403878 -0.8678357093271483 0.3141085276963636 -0.6268461419536299 0.8360421444182872 -2.0663655426741068 1.1541290837234852 1
HH0617-rgb_2017_3_26_22_0_0 605 0.5204056844869311 -0.27515877437565556 1.3006820968510424 1.0896768733211275 1.2362699929010252 1.6845997449014831 -2.053929016896449 2
HH0617-rgb_2017_3_26_22_0_0 610 -0.8392038595664653 0.42864508587924205 -1.6590386106129942 -0.42188816998052453 0.035586447452811226 -0.2603452190266004 -1.0300806869113635 0
HH0617-rgb_2017_3_26_22_0_0 610 -1.053879050732791 -0.8678357093271483 0.3141085276963636 -0.6652757616985872 2.0367256898665014 -1.927440902393529 -0.07448891225861717 0
HH0617-rgb_2017_3_26_22_0_0 610 0.6158168805608537 -0.08994723220331409 1.1968322474663395 1.128106493066085 -0.16452747678855778 0.4342779823762866 -1.542004851903906 2
HH0617-rgb_2017_3_26_22_0_0 1240 -0.9823206536773491 0.169348926837964 -1.6832702421360917 -0.4090782967322054 -1.1650970979954027 0.017504061534554412 -1.5761331295700756 0
HH0617-rgb_2017_3_26_22_0_0 1240 0.35343609135756665 -0.8678357093271483 1.1552923077124582 1.7301705357370818 1.0361560686596563 0.2953533420957092 -0.2110020229232952 2
HH0617-rgb_2017_3_26_22_0_0 1095 -0.9823206536773491 0.169348926837964 -1.6728852571976214 -0.4090782967322054 -0.16452747678855778 0.017504061534554412 -1.2348503529083805 0
HH0617-rgb_2017_3_26_22_0_0 1095 0.16261369920972155 -1.0530472514994897 1.1691389542970854 1.8070297752269964 -0.36464140102992676 0.2953533420957092 0.4033069750677559 2
HH0617-rgb_2017_3_26_22_0_0 360 -0.6483814674186201 0.9842797123962664 0.3556484674502448 -0.7165152546918635 -1.1650970979954027 0.2953533420957092 0.2667938644030779 0
HH0617-rgb_2017_3_26_22_0_0 1730 -1.0061734526958297 -0.8678357093271483 0.3348784975733042 -0.6908955081952253 1.0361560686596563 0.017504061534554412 -0.6205413549173292 1
HH0617-rgb_2017_3_26_22_0_0 1730 0.30573049332060537 -0.8678357093271483 1.1656772926509285 1.7686001554820392 -0.5647553252712958 0.9899765434985962 -0.38164341125414275 2
HH0617-rgb_2017_3_26_22_0_0 200 -0.29058948214141056 -1.2753011021062997 -0.36783881659651974 -1.4594879030943704 0.23570037169418023 2.93492150742668 0.8469745847279596 1
HH0617-rgb_2017_3_26_22_0_0 200 -1.1015846487697523 -0.46037031654799704 0.23449030983475794 -0.48593753622211994 0.8360421444182872 1.4067504643403284 0.539820085732434 0
HH0617-rgb_2017_3_26_22_0_0 200 1.3075480520967921 0.9472374039617982 1.1656772926509285 -1.3441990438594986 1.0361560686596563 -0.2603452190266004 0.9152311400602986 2
HH0617-rgb_2017_3_26_22_0_0 1650 -1.1015846487697523 -0.9789626346305532 0.3348784975733042 -0.7421350011885016 -1.565324946478141 -0.2603452190266004 -0.07448891225861717 1
HH0617-rgb_2017_3_26_22_0_0 1650 0.35343609135756665 -0.8678357093271483 1.1656772926509285 1.7686001554820392 -0.16452747678855778 0.5732026226568641 -0.38164341125414275 2
HH0617-rgb_2017_3_26_22_0_0 1485 -1.0061734526958297 0.058222001534559094 -1.6590386106129942 -0.4090782967322054 0.6359282201769182 -0.6771191398683326 -1.746774517900923 0
HH0617-rgb_2017_3_26_22_0_0 1485 -1.0300262517143104 -0.9789626346305532 0.3452634825117745 -0.7421350011885016 -0.9649831737540339 -1.510666981551797 1.2565139167219936 1
HH0617-rgb_2017_3_26_22_0_0 1485 0.35343609135756665 -0.8678357093271483 1.1552923077124582 1.7686001554820392 0.23570037169418023 0.8510519032180188 -0.34751513358797326 2
HH0617-rgb_2017_3_26_22_0_0 770 -0.8392038595664653 0.46568739431371037 -1.6521152873206806 -0.42188816998052453 -0.16452747678855778 -0.5381944995877552 -0.9959524092451939 0
HH0617-rgb_2017_3_26_22_0_0 770 -1.053879050732791 -0.8678357093271483 0.3141085276963636 -0.7421350011885016 -1.3652110222367717 0.7121272629374414 0.33505041973541694 1
HH0617-rgb_2017_3_26_22_0_0 770 0.30573049332060537 -0.7196664755892751 1.1691389542970854 1.7301705357370818 0.035586447452811226 0.8510519032180188 -0.4498999665864818 2
HH0617-rgb_2017_3_26_22_0_0 980 -0.9107622566219071 0.169348926837964 -1.6521152873206806 -0.4475079164771627 -1.1650970979954027 -0.5381944995877552 -1.6102614072362451 0
HH0617-rgb_2017_3_26_22_0_0 980 -1.1015846487697523 -0.8678357093271483 0.3141085276963636 -0.6780856349469062 2.0367256898665014 -2.205290182954684 0.02789592073989135 0
HH0617-rgb_2017_3_26_22_0_0 980 0.16261369920972155 -1.4234703358441727 1.1968322474663395 1.4739730707707002 -0.5647553252712958 -0.12142057874602298 0.6763331963971121 2
HH0617-rgb_2017_3_26_22_0_0 1320 -1.0061734526958297 0.058222001534559094 -1.6590386106129942 -0.4090782967322054 1.0361560686596563 -0.6771191398683326 -1.6443896849024144 0
HH0617-rgb_2017_3_26_22_0_0 1320 -1.053879050732791 -0.8678357093271483 0.3141085276963636 -0.7037053814435444 1.8366117656251322 -0.6771191398683326 -0.9959524092451939 0
HH0617-rgb_2017_3_26_22_0_0 1320 0.40114168939452793 -0.7567087840237434 1.1795239392355557 1.7301705357370818 0.8360421444182872 -0.3992698593071778 0.02789592073989135 2
HH0617-rgb_2017_3_26_22_0_0 755 -0.8869094576034265 0.42864508587924205 -1.6590386106129942 -0.4346980432288436 -0.16452747678855778 -0.5381944995877552 -0.9276958539128548 0
HH0617-rgb_2017_3_26_22_0_0 755 -1.053879050732791 -1.0160049430650215 0.3244935126348339 -0.7421350011885016 -1.76543887071951 0.2953533420957092 1.6319249710498582 1
HH0617-rgb_2017_3_26_22_0_0 755 0.11490810117276026 -1.1641741768028946 1.1829856008817123 1.7686001554820392 -0.36464140102992676 0.9899765434985962 0.02789592073989135 2
HH0617-rgb_2017_3_26_22_0_0 1305 -0.9823206536773491 0.31751816057583715 -1.6521152873206806 -0.4090782967322054 0.43581429593554916 0.4342779823762866 -1.7126462402347535 0
HH0617-rgb_2017_3_26_22_0_0 1305 -1.053879050732791 -0.9789626346305532 0.3348784975733042 -0.7037053814435444 -0.16452747678855778 0.1564287018151318 -0.5181565219188208 1
HH0617-rgb_2017_3_26_22_0_0 1305 0.591964081542373 -0.7196664755892751 1.1691389542970854 1.7301705357370818 0.43581429593554916 -0.5381944995877552 0.539820085732434 2
HH0617-rgb_2017_3_26_22_0_0 1885 -0.6722342664371008 -0.20107415750671898 -1.7836584298746379 -0.6012263954569917 0.43581429593554916 -1.3717423412712195 -0.5181565219188208 1
HH0617-rgb_2017_3_26_22_0_0 1885 -0.6960870654555814 0.39160277744477373 0.3244935126348339 -0.7421350011885016 -0.7648692495126648 -1.510666981551797 1.4954118603851803 0
HH0617-rgb_2017_3_26_22_0_0 1885 0.16261369920972155 -1.1271318683684264 1.1656772926509285 1.7686001554820392 -0.5647553252712958 0.5732026226568641 -0.04036063459244767 2
HH0617-rgb_2017_3_26_22_0_0 225 -0.2428838841044493 -0.9789626346305532 -0.5097669440889472 -1.5747767623292421 2.23683961410787 0.9899765434985962 -1.0300806869113635 2
HH0617-rgb_2017_3_26_22_0_0 225 -1.053879050732791 -0.6085395502858703 0.26564526465016886 -0.6268461419536299 0.8360421444182872 0.4342779823762866 0.5056918080662645 0
HH0617-rgb_2017_3_26_22_0_0 225 1.4506648462076759 0.8361104786583933 1.189908924174026 -1.1904805648796697 1.0361560686596563 -0.2603452190266004 0.9834876953926377 2
HH0617-rgb_2017_3_26_22_0_0 1675 -0.9823206536773491 0.5768143196171153 -1.648653625674524 -0.4090782967322054 0.6359282201769182 1.6845997449014831 -1.405491741239228 0
HH0617-rgb_2017_3_26_22_0_0 1675 0.35343609135756665 -0.8678357093271483 1.1656772926509285 1.7301705357370818 0.8360421444182872 -0.12142057874602298 -0.2110020229232952 2
HH0617-rgb_2017_3_26_22_0_0 580 -0.40985347723381377 0.5027297027481786 -1.676346918843778 -0.6652757616985872 0.23570037169418023 -0.3992698593071778 -1.7809027955670926 0
HH0617-rgb_2017_3_26_22_0_0 580 -1.0061734526958297 -0.8678357093271483 0.3141085276963636 -0.6524658884502681 1.2362699929010252 -2.0663655426741068 0.06202419840606086 1
HH0617-rgb_2017_3_26_22_0_0 580 -0.3144422811598912 -0.5344549334169336 1.1795239392355557 0.38513384466357786 0.6359282201769182 -0.5381944995877552 -0.9618241315790244 2
HH0617-rgb_2017_3_26_22_0_0 345 -1.0061734526958297 -1.0160049430650215 0.3244935126348339 -0.8189942406784162 -2.165666719202248 -1.3717423412712195 0.8469745847279596 1
HH0617-rgb_2017_3_26_22_0_0 1715 -0.9823206536773491 -0.9789626346305532 0.3348784975733042 -0.7165152546918635 -0.7648692495126648 0.1564287018151318 0.7787180293956206 1
HH0617-rgb_2017_3_26_22_0_0 1715 0.5681112825238924 -0.6826241671548068 1.1622156310047718 1.7301705357370818 0.6359282201769182 -0.3992698593071778 0.2326655867369084 2
HH0617-rgb_2017_3_26_22_0_0 635 -0.8630566585849458 0.46568739431371037 -1.6521152873206806 -0.4475079164771627 -0.5647553252712958 -1.2328177009906423 -0.7911827432481768 0
HH0617-rgb_2017_3_26_22_0_0 635 -1.0061734526958297 -0.7196664755892751 0.3037235427578933 -0.6524658884502681 -0.5647553252712958 -2.3442148232352613 1.7684380817145364 1
HH0617-rgb_2017_3_26_22_0_0 635 0.11490810117276026 -0.7937510924582117 1.1068290446662634 1.3586842115358284 -2.165666719202248 0.5732026226568641 -0.006232356926278159 2
HH0617-rgb_2017_3_26_22_0_0 1265 -1.053879050732791 0.0211796931000908 -1.5101871598282532 -0.1785005782624619 -1.9655527949608789 -0.2603452190266004 -1.0983372422437023 0
HH0617-rgb_2017_3_26_22_0_0 1265 -1.0061734526958297 -0.8678357093271483 0.3348784975733042 -0.6908955081952253 1.2362699929010252 -1.927440902393529 0.36917869740158643 1
HH0617-rgb_2017_3_26_22_0_0 1265 0.591964081542373 -0.7196664755892751 1.1795239392355557 1.7301705357370818 1.2362699929010252 -0.2603452190266004 0.06202419840606086 2
HH0617-rgb_2017_3_26_22_0_0 190 -0.33829508017837184 -1.2753011021062997 -0.37822380153499 -1.4594879030943704 0.23570037169418023 2.5181475865849476 0.7787180293956206 1
HH0617-rgb_2017_3_26_22_0_0 190 -1.125437447788233 -0.7567087840237434 0.24487529477322822 -0.5243671559670772 0.23570037169418023 -0.12142057874602298 -0.5522847995849902 0
HH0617-rgb_2017_3_26_22_0_0 190 0.9736088658380633 0.9472374039617982 1.2279872022817504 -1.2673398043695843 0.23570037169418023 -0.3992698593071778 -0.5181565219188208 2
HH0617-rgb_2017_3_26_22_0_0 185 -0.33829508017837184 -1.2382587936718312 -0.38168546318114677 -1.4594879030943704 0.6359282201769182 2.3792229463043704 0.7445897517294511 1
HH0617-rgb_2017_3_26_22_0_0 185 -1.1015846487697523 -0.6085395502858703 0.24487529477322822 -0.5243671559670772 -0.7648692495126648 0.8510519032180188 -0.5181565219188208 0
HH0617-rgb_2017_3_26_22_0_0 185 1.259842454059831 0.6879412449205201 1.2972204352048857 -1.1520509451347125 -0.16452747678855778 0.1564287018151318 -1.1324655199098719 2
HH0617-rgb_2017_3_26_22_0_0 1270 -1.1492902468067134 0.058222001534559094 -1.5898053776898589 -0.38345855023556724 0.6359282201769182 -0.5381944995877552 -1.678517962568584 0
HH0617-rgb_2017_3_26_22_0_0 1270 -1.053879050732791 -0.8678357093271483 0.3244935126348339 -0.6652757616985872 1.8366117656251322 -1.6495916218323743 -0.04036063459244767 0
HH0617-rgb_2017_3_26_22_0_0 1270 0.4488472874314892 -0.9048780177616166 1.1760622775893987 1.7301705357370818 0.035586447452811226 0.1564287018151318 -0.4498999665864818 2
HH0617-rgb_2017_3_26_22_0_0 620 -0.8869094576034265 0.42864508587924205 -1.6694235955514645 -0.4346980432288436 -0.16452747678855778 0.017504061534554412 -0.8935675762466854 0
HH0617-rgb_2017_3_26_22_0_0 620 -1.053879050732791 -0.7196664755892751 0.3037235427578933 -0.6652757616985872 0.035586447452811226 -2.3442148232352613 0.8128463070617901 1
HH0617-rgb_2017_3_26_22_0_0 1700 -0.8153510605479846 0.42864508587924205 -1.6798085804899348 -0.38345855023556724 0.23570037169418023 0.1564287018151318 -1.542004851903906 0
HH0617-rgb_2017_3_26_22_0_0 1700 -1.0300262517143104 -0.9789626346305532 0.3348784975733042 -0.7421350011885016 -0.16452747678855778 0.5732026226568641 0.4374352527339255 1
HH0617-rgb_2017_3_26_22_0_0 1700 0.30573049332060537 -0.7567087840237434 1.1622156310047718 1.7301705357370818 0.43581429593554916 0.4342779823762866 -0.6887979102496683 2
HH0617-rgb_2017_3_26_22_0_0 350 -0.8392038595664653 0.6879412449205201 -1.6105753475667994 -0.49874740947043905 0.23570037169418023 0.2953533420957092 -0.31338685592180376 0
HH0617-rgb_2017_3_26_22_0_0 350 -1.0061734526958297 -1.1271318683684264 0.3348784975733042 -0.8189942406784162 -1.9655527949608789 -1.927440902393529 1.4612835827190107 1
HH0617-rgb_2017_3_26_22_0_0 595 -1.0061734526958297 0.5768143196171153 -1.6105753475667994 -0.4475079164771627 0.035586447452811226 -0.5381944995877552 -1.4396200189053974 0
HH0617-rgb_2017_3_26_22_0_0 595 -1.0061734526958297 -0.8678357093271483 0.3141085276963636 -0.6524658884502681 1.0361560686596563 -1.927440902393529 1.4271553050528412 1
HH0617-rgb_2017_3_26_22_0_0 595 -0.5052646733077363 0.20639123527243228 1.5118434572666053 1.166536112811042 -0.36464140102992676 -0.6771191398683326 0.47156353040009497 1
HH0617-rgb_2017_3_26_22_0_0 1660 -1.1015846487697523 -0.9789626346305532 0.3348784975733042 -0.7421350011885016 -0.5647553252712958 0.5732026226568641 1.0858725283911461 1
HH0617-rgb_2017_3_26_22_0_0 1660 0.30573049332060537 -0.8678357093271483 1.1656772926509285 1.7686001554820392 -0.5647553252712958 0.5732026226568641 -0.34751513358797326 2
HH0617-rgb_2017_3_26_22_0_0 230 -0.7676454625110233 -1.1271318683684264 -0.7693915675507048 -1.4210582833494132 0.035586447452811226 0.9899765434985962 0.9834876953926377 1
HH0617-rgb_2017_3_26_22_0_0 230 -1.053879050732791 -0.49741262498246536 0.2725685879424824 -0.6268461419536299 1.4363839171423942 -0.5381944995877552 1.3247704720543327 0
HH0617-rgb_2017_3_26_22_0_0 230 1.4506648462076759 0.8361104786583933 1.2002939091124962 -1.1520509451347125 0.6359282201769182 0.1564287018151318 -0.24513030058946472 2
HH0617-rgb_2017_3_26_22_0_0 1890 -0.6722342664371008 -0.20107415750671898 -1.7732734449361676 -0.6012263954569917 0.23570037169418023 -1.6495916218323743 -1.7126462402347535 1
HH0617-rgb_2017_3_26_22_0_0 1310 -0.9823206536773491 0.058222001534559094 -1.6590386106129942 -0.4090782967322054 0.035586447452811226 -0.9549684204294874 -1.9174159062317706 0
HH0617-rgb_2017_3_26_22_0_0 1310 -1.053879050732791 -0.8678357093271483 0.3244935126348339 -0.7037053814435444 1.2362699929010252 -0.6771191398683326 0.8469745847279596 0
HH0617-rgb_2017_3_26_22_0_0 1310 0.3772888903760473 -0.9048780177616166 1.1760622775893987 1.7686001554820392 -0.36464140102992676 0.1564287018151318 -0.2792585782556342 2
HH0617-rgb_2017_3_26_22_0_0 740 -0.8869094576034265 0.6879412449205201 -1.6105753475667994 -0.4346980432288436 0.43581429593554916 0.5732026226568641 -0.24513030058946472 0
HH0617-rgb_2017_3_26_22_0_0 740 -1.053879050732791 -0.8678357093271483 0.3141085276963636 -0.7421350011885016 -1.1650970979954027 0.7121272629374414 0.8811028623941292 1
HH0617-rgb_2017_3_26_22_0_0 740 0.47270008644996986 -0.9419203261960849 1.1933705858201826 1.61488167650221 1.0361560686596563 -0.5381944995877552 -0.10861718992478668 2
HH0617-rgb_2017_3_26_22_0_0 30 -0.7676454625110233 0.169348926837964 -1.6832702421360917 -0.5243671559670772 -2.766008491926355 -1.3717423412712195 -1.9856724615641097 1
HH0617-rgb_2017_3_26_22_0_0 30 -0.6960870654555814 0.7620258617894567 0.3141085276963636 -0.6908955081952253 1.6364978413837632 -0.81604378014891 1.802566359380706 0
HH0617-rgb_2017_3_26_22_0_0 30 nan nan nan nan nan nan nan 0
HH0617-rgb_2017_3_26_22_0_0 1460 -0.9823206536773491 0.169348926837964 -1.6625002722591509 -0.4090782967322054 0.23570037169418023 -0.3992698593071778 -1.7126462402347535 0
HH0617-rgb_2017_3_26_22_0_0 1460 -0.6006758693816588 0.42864508587924205 0.3348784975733042 -0.7421350011885016 -0.16452747678855778 -1.2328177009906423 1.0176159730588072 0
HH0617-rgb_2017_3_26_22_0_0 1460 0.40114168939452793 -0.8307934008926801 1.158753969358615 1.7686001554820392 0.8360421444182872 0.4342779823762866 -0.31338685592180376 2
HH0617-rgb_2017_3_26_22_0_0 795 -0.8630566585849458 0.169348926837964 -1.6832702421360917 -0.48593753622211994 -1.9655527949608789 -0.81604378014891 -1.473748296571567 0
HH0617-rgb_2017_3_26_22_0_0 795 -1.053879050732791 -0.8678357093271483 0.3244935126348339 -0.7421350011885016 -0.5647553252712958 0.7121272629374414 0.6080766410647731 0
HH0617-rgb_2017_3_26_22_0_0 795 0.30573049332060537 -0.8678357093271483 1.1656772926509285 1.7686001554820392 -0.5647553252712958 0.8510519032180188 -0.006232356926278159 2
HH0617-rgb_2017_3_26_22_0_0 965 -1.1492902468067134 -0.8678357093271483 0.3244935126348339 -0.6780856349469062 0.6359282201769182 -1.927440902393529 -0.5864130772511598 1
HH0617-rgb_2017_3_26_22_0_0 965 0.5442584835054117 -0.6085395502858703 1.1552923077124582 1.7301705357370818 1.4363839171423942 0.5732026226568641 -0.10861718992478668 2
HH0617-rgb_2017_3_26_22_0_0 540 -0.9823206536773491 -0.8678357093271483 0.3141085276963636 -0.6780856349469062 0.035586447452811226 -0.5381944995877552 0.36917869740158643 1
HH0617-rgb_2017_3_26_22_0_0 540 -0.07591429097508483 0.539772011182647 1.1379839994816745 0.34670422491862063 -0.5647553252712958 -0.5381944995877552 -1.678517962568584 2
HH0617-rgb_2017_3_26_22_0_0 1110 -1.1969958448436748 0.0211796931000908 -1.5101871598282532 -0.2425499445040573 -2.565894567684986 0.4342779823762866 -1.542004851903906 0
HH0617-rgb_2017_3_26_22_0_0 1110 0.4965528854684505 -0.8678357093271483 1.1656772926509285 1.8070297752269964 0.43581429593554916 0.4342779823762866 -0.31338685592180376 2
HH0617-rgb_2017_3_26_22_0_0 1845 -1.1015846487697523 -0.7196664755892751 0.293338557819423 -0.7805646209334589 -1.3652110222367717 1.6845997449014831 0.8469745847279596 0
HH0617-rgb_2017_3_26_22_0_0 1845 0.35343609135756665 -0.8678357093271483 1.1656772926509285 1.7686001554820392 0.035586447452811226 0.4342779823762866 -0.6205413549173292 2
HH0617-rgb_2017_3_26_22_0_0 420 -0.791498261529504 0.539772011182647 -1.63134531744374 -0.5243671559670772 -0.5647553252712958 0.1564287018151318 -0.5864130772511598 0
HH0617-rgb_2017_3_26_22_0_0 420 -1.053879050732791 -0.7196664755892751 0.3141085276963636 -0.7037053814435444 0.6359282201769182 -0.9549684204294874 -0.07448891225861717 0
HH0617-rgb_2017_3_26_22_0_0 1070 -0.6722342664371008 0.058222001534559094 -1.690193565428405 -0.6012263954569917 0.23570037169418023 -2.205290182954684 -2.156313849894957 1
HH0617-rgb_2017_3_26_22_0_0 1070 -1.053879050732791 -0.8678357093271483 0.3244935126348339 -0.7037053814435444 -0.16452747678855778 -0.81604378014891 1.0176159730588072 1
HH0617-rgb_2017_3_26_22_0_0 1070 0.3772888903760473 -0.9419203261960849 1.172600615943242 1.7686001554820392 0.43581429593554916 0.2953533420957092 -0.4840282442526513 2
HH0617-rgb_2017_3_26_22_0_0 1925 -0.6960870654555814 0.7620258617894567 0.293338557819423 -0.6908955081952253 1.2362699929010252 -0.5381944995877552 1.6319249710498582 0
HH0617-rgb_2017_3_26_22_0_0 1925 0.329583292339086 -1.0160049430650215 1.158753969358615 1.7686001554820392 0.8360421444182872 0.5732026226568641 -0.2110020229232952 2
HH0617-rgb_2017_3_26_22_0_0 385 -0.7676454625110233 0.6879412449205201 -1.63134531744374 -0.5243671559670772 -0.16452747678855778 0.9899765434985962 -0.04036063459244767 0
HH0617-rgb_2017_3_26_22_0_0 385 -1.0300262517143104 -0.8678357093271483 0.3244935126348339 -0.7421350011885016 -0.7648692495126648 -0.6771191398683326 -0.1768737452571257 1
HH0617-rgb_2017_3_26_22_0_0 150 -0.6483814674186201 -0.5344549334169336 -0.04590428350394028 -1.4594879030943704 -0.7648692495126648 -0.9549684204294874 -2.156313849894957 1
HH0617-rgb_2017_3_26_22_0_0 150 -0.3144422811598912 0.7620258617894567 0.35218680580408807 -0.7805646209334589 -1.1650970979954027 -0.5381944995877552 1.1200008060573157 0
HH0617-rgb_2017_3_26_22_0_0 150 -0.2428838841044493 1.7992104979545689 1.1241373528970473 0.23141536568374885 2.23683961410787 1.4067504643403284 0.2326655867369084 0
HH0617-rgb_2017_3_26_22_0_0 2035 -1.053879050732791 -0.7196664755892751 0.3037235427578933 -0.7037053814435444 0.035586447452811226 -0.9549684204294874 1.4954118603851803 0
HH0617-rgb_2017_3_26_22_0_0 2035 0.329583292339086 -1.0160049430650215 1.158753969358615 1.7686001554820392 0.8360421444182872 0.017504061534554412 -0.006232356926278159 2
HH0617-rgb_2017_3_26_22_0_0 1500 -0.9107622566219071 0.058222001534559094 -1.6590386106129942 -0.4475079164771627 -0.7648692495126648 -0.5381944995877552 -1.5078765742377365 0
HH0617-rgb_2017_3_26_22_0_0 1500 -1.0300262517143104 -0.9789626346305532 0.3348784975733042 -0.7421350011885016 -0.5647553252712958 -0.2603452190266004 -0.7911827432481768 1
HH0617-rgb_2017_3_26_22_0_0 1500 0.5204056844869311 -0.5344549334169336 1.158753969358615 1.7301705357370818 1.2362699929010252 0.1564287018151318 -0.1427454675909562 2
HH0617-rgb_2017_3_26_22_0_0 805 -1.0300262517143104 0.42864508587924205 -1.5794203927513886 -0.34502893049061 2.637067462590608 0.2953533420957092 -1.4396200189053974 0
HH0617-rgb_2017_3_26_22_0_0 805 -1.1015846487697523 -1.0160049430650215 0.3244935126348339 -0.7805646209334589 -3.166236340409093 -1.510666981551797 2.007336025377723 1
HH0617-rgb_2017_3_26_22_0_0 805 0.16261369920972155 -0.8678357093271483 1.1656772926509285 1.7301705357370818 -0.7648692495126648 0.7121272629374414 -0.5522847995849902 2
HH0617-rgb_2017_3_26_22_0_0 810 -1.0061734526958297 0.7249835533549884 -1.5482654379359777 -0.31940918399397183 1.2362699929010252 2.1013736657432154 -1.678517962568584 0
HH0617-rgb_2017_3_26_22_0_0 810 -1.1492902468067134 -1.0160049430650215 0.3244935126348339 -0.7549448744368208 -1.3652110222367717 0.2953533420957092 1.2906421943881632 1
HH0617-rgb_2017_3_26_22_0_0 810 0.09105530215427964 -0.9048780177616166 1.1656772926509285 1.7686001554820392 -0.5647553252712958 0.9899765434985962 -0.006232356926278159 2
HH0617-rgb_2017_3_26_22_0_0 1515 -0.9107622566219071 0.169348926837964 -1.6625002722591509 -0.4475079164771627 -0.5647553252712958 -0.3992698593071778 -1.542004851903906 0
HH0617-rgb_2017_3_26_22_0_0 1515 -1.0777318497512716 -0.9789626346305532 0.3348784975733042 -0.7037053814435444 0.035586447452811226 -1.0938930607100648 -1.405491741239228 1
HH0617-rgb_2017_3_26_22_0_0 1515 0.4249944884130086 -0.8307934008926801 1.1691389542970854 1.7301705357370818 1.0361560686596563 0.017504061534554412 -0.10861718992478668 2
HH0617-rgb_2017_3_26_22_0_0 145 -0.4814118742892557 -0.4233280081135288 -0.05282760679625382 -1.4979175228393278 -0.16452747678855778 -1.0938930607100648 -2.2928269605596356 1
HH0617-rgb_2017_3_26_22_0_0 145 -0.12361988901204611 0.9101950955273299 0.3452634825117745 -0.7805646209334589 -1.76543887071951 -0.81604378014891 1.4271553050528412 0
HH0617-rgb_2017_3_26_22_0_0 145 -0.40985347723381377 1.428787413609886 1.5810766901897406 -0.9214732266649689 -1.565324946478141 1.5456751046209058 0.1644090314045694 0
HH0617-rgb_2017_3_26_22_0_0 2020 -1.0061734526958297 -0.7196664755892751 0.3037235427578933 -0.7293251279401826 -0.5647553252712958 0.8510519032180188 1.597796693383689 0
HH0617-rgb_2017_3_26_22_0_0 2020 0.35343609135756665 -1.0160049430650215 1.158753969358615 1.7686001554820392 0.8360421444182872 0.4342779823762866 -0.38164341125414275 2
HH0617-rgb_2017_3_26_22_0_0 390 -1.053879050732791 -0.7196664755892751 0.3141085276963636 -0.7037053814435444 1.4363839171423942 -1.510666981551797 -0.9618241315790244 0
HH0617-rgb_2017_3_26_22_0_0 1930 -1.053879050732791 -0.7196664755892751 0.2829535728809527 -0.7037053814435444 -1.1650970979954027 0.2953533420957092 2.2803622467070785 0
HH0617-rgb_2017_3_26_22_0_0 1930 0.30573049332060537 -1.1271318683684264 1.1552923077124582 1.8070297752269964 0.6359282201769182 0.4342779823762866 0.1644090314045694 2
HH0617-rgb_2017_3_26_22_0_0 1065 -0.6722342664371008 0.058222001534559094 -1.690193565428405 -0.5627967757120345 0.6359282201769182 -2.0663655426741068 -2.2245704052272965 1
HH0617-rgb_2017_3_26_22_0_0 1065 -1.053879050732791 -0.8678357093271483 0.3244935126348339 -0.7037053814435444 -0.16452747678855778 -0.81604378014891 1.3930270273866718 1
HH0617-rgb_2017_3_26_22_0_0 1065 0.47270008644996986 -1.0160049430650215 1.1795239392355557 1.7686001554820392 0.43581429593554916 -0.5381944995877552 0.1644090314045694 2
HH0617-rgb_2017_3_26_22_0_0 435 -0.9823206536773491 0.42864508587924205 -1.5794203927513886 -0.4475079164771627 1.8366117656251322 -0.6771191398683326 1.6660532487160278 0
HH0617-rgb_2017_3_26_22_0_0 435 -1.053879050732791 -0.8678357093271483 0.3141085276963636 -0.7037053814435444 0.8360421444182872 -0.9549684204294874 0.2326655867369084 1
HH0617-rgb_2017_3_26_22_0_0 1850 -0.6245286684001395 0.539772011182647 -1.6971168887207186 -0.6012263954569917 -0.16452747678855778 0.2953533420957092 -2.2245704052272965 0
HH0617-rgb_2017_3_26_22_0_0 1850 -1.0061734526958297 -0.9789626346305532 0.3348784975733042 -0.8189942406784162 -2.9661224161677238 -1.510666981551797 0.30092214206924744 1
HH0617-rgb_2017_3_26_22_0_0 1850 0.35343609135756665 -1.0530472514994897 1.1691389542970854 1.7686001554820392 0.23570037169418023 0.7121272629374414 0.06202419840606086 2
HH0617-rgb_2017_3_26_22_0_0 1105 -1.1969958448436748 0.058222001534559094 -1.5171104831205666 -0.2425499445040573 -0.5647553252712958 1.267825824059751 -0.5864130772511598 0
HH0617-rgb_2017_3_26_22_0_0 1105 0.4965528854684505 -0.9048780177616166 1.1656772926509285 1.8070297752269964 0.6359282201769182 0.017504061534554412 -0.1768737452571257 2
HH0617-rgb_2017_3_26_22_0_0 555 -0.7676454625110233 0.31751816057583715 -1.6728852571976214 -0.48593753622211994 -1.3652110222367717 -1.0938930607100648 -1.0983372422437023 0
HH0617-rgb_2017_3_26_22_0_0 555 -1.053879050732791 -0.7196664755892751 0.3037235427578933 -0.7037053814435444 -0.16452747678855778 -1.3717423412712195 1.9049511923792144 0
HH0617-rgb_2017_3_26_22_0_0 555 0.067202503135799 0.42864508587924205 1.1241373528970473 0.38513384466357786 1.0361560686596563 0.017504061534554412 -2.258698682893466 2
HH0617-rgb_2017_3_26_22_0_0 970 -1.1015846487697523 -0.7196664755892751 0.3141085276963636 -0.6780856349469062 0.43581429593554916 -2.0663655426741068 -1.200722075242211 0
HH0617-rgb_2017_3_26_22_0_0 970 0.591964081542373 -0.7196664755892751 1.158753969358615 1.6917409159921246 0.8360421444182872 -0.5381944995877552 0.9493594177264681 2
HH0617-rgb_2017_3_26_22_0_0 780 -0.9823206536773491 0.42864508587924205 -1.6105753475667994 -0.4090782967322054 -0.16452747678855778 0.2953533420957092 -0.24513030058946472 0
HH0617-rgb_2017_3_26_22_0_0 780 -1.053879050732791 -0.9789626346305532 0.3348784975733042 -0.7421350011885016 -0.5647553252712958 -0.9549684204294874 1.3588987497205023 1
HH0617-rgb_2017_3_26_22_0_0 780 0.30573049332060537 -0.20107415750671898 1.189908924174026 1.7301705357370818 0.035586447452811226 0.8510519032180188 -1.7126462402347535 2
HH0617-rgb_2017_3_26_22_0_0 1475 -0.9823206536773491 0.058222001534559094 -1.6590386106129942 -0.4090782967322054 -0.16452747678855778 -0.5381944995877552 -1.746774517900923 0
HH0617-rgb_2017_3_26_22_0_0 1475 -0.9823206536773491 -0.1269895406377824 0.2725685879424824 -0.639656015201949 0.43581429593554916 -1.7885162621129518 1.9049511923792144 0
HH0617-rgb_2017_3_26_22_0_0 1475 0.35343609135756665 -0.8678357093271483 1.1552923077124582 1.7686001554820392 0.43581429593554916 0.8510519032180188 -0.34751513358797326 2
HH0617-rgb_2017_3_26_22_0_0 25 -0.7676454625110233 0.058222001534559094 -1.690193565428405 -0.5243671559670772 -1.76543887071951 -1.7885162621129518 -2.1221855722287875 1
HH0617-rgb_2017_3_26_22_0_0 25 -0.6960870654555814 0.7620258617894567 0.3141085276963636 -0.6908955081952253 1.6364978413837632 -0.81604378014891 1.7343098040483669 0
HH0617-rgb_2017_3_26_22_0_0 25 0.35343609135756665 2.132591273864784 2.944971378775507 -1.2289101846246269 -0.16452747678855778 1.267825824059751 0.19853730907073888 0
HH0617-rgb_2017_3_26_22_0_0 1465 -0.6722342664371008 1.2065335630030762 0.3244935126348339 -0.6908955081952253 -1.1650970979954027 0.017504061534554412 2.314490524373248 0
HH0617-rgb_2017_3_26_22_0_0 1465 0.23417209626516347 -0.8678357093271483 1.1552923077124582 1.7301705357370818 1.2362699929010252 0.8510519032180188 -0.38164341125414275 2
HH0617-rgb_2017_3_26_22_0_0 35 -0.6722342664371008 0.058222001534559094 -1.690193565428405 -0.5627967757120345 -0.16452747678855778 -2.4831394635158386 -2.2928269605596356 1
HH0617-rgb_2017_3_26_22_0_0 35 -0.6960870654555814 0.7620258617894567 0.3141085276963636 -0.6908955081952253 1.0361560686596563 -0.2603452190266004 1.802566359380706 0
HH0617-rgb_2017_3_26_22_0_0 35 nan nan nan nan nan nan nan 0
HH0617-rgb_2017_3_26_22_0_0 960 -1.1015846487697523 0.20639123527243228 -1.558650422874448 -0.33221905724229095 1.6364978413837632 -1.6495916218323743 -0.5522847995849902 0
HH0617-rgb_2017_3_26_22_0_0 960 -1.0777318497512716 -0.6455818587203386 0.3037235427578933 -0.6652757616985872 1.2362699929010252 -2.0663655426741068 1.4271553050528412 0
HH0617-rgb_2017_3_26_22_0_0 960 0.5681112825238924 -0.6826241671548068 1.1518306460663015 1.7301705357370818 1.8366117656251322 0.4342779823762866 -0.6546696325834988 2
HH0617-rgb_2017_3_26_22_0_0 790 -0.9823206536773491 0.6879412449205201 -1.6001903626283291 -0.4475079164771627 -0.16452747678855778 -1.0938930607100648 -0.4840282442526513 0
HH0617-rgb_2017_3_26_22_0_0 790 -1.1015846487697523 -0.9789626346305532 0.3348784975733042 -0.7421350011885016 -0.5647553252712958 -1.0938930607100648 0.5739483633986036 1
HH0617-rgb_2017_3_26_22_0_0 790 0.30573049332060537 -0.7567087840237434 1.1622156310047718 1.7301705357370818 -0.16452747678855778 0.7121272629374414 -0.38164341125414275 2
HH0617-rgb_2017_3_26_22_0_0 1115 -1.1015846487697523 0.058222001534559094 -1.5378804529975074 -0.29378943749733366 2.23683961410787 -0.3992698593071778 -1.746774517900923 0
HH0617-rgb_2017_3_26_22_0_0 1115 0.591964081542373 -0.7567087840237434 1.1691389542970854 1.7686001554820392 0.8360421444182872 -0.2603452190266004 -0.10861718992478668 2
HH0617-rgb_2017_3_26_22_0_0 545 -0.8630566585849458 0.46568739431371037 -1.6521152873206806 -0.48593753622211994 -0.7648692495126648 -0.6771191398683326 -0.6546696325834988 0
HH0617-rgb_2017_3_26_22_0_0 545 -1.053879050732791 -0.8678357093271483 0.3141085276963636 -0.6652757616985872 0.6359282201769182 -1.6495916218323743 1.3247704720543327 1
HH0617-rgb_2017_3_26_22_0_0 545 -0.02820869293812356 0.5027297027481786 1.1379839994816745 0.34670422491862063 0.035586447452811226 -0.5381944995877552 -1.9856724615641097 2
HH0617-rgb_2017_3_26_22_0_0 1840 -0.7676454625110233 0.31751816057583715 -1.6728852571976214 -0.6012263954569917 -2.3657806434436166 0.7121272629374414 -2.0880572945626183 0
HH0617-rgb_2017_3_26_22_0_0 1840 0.30573049332060537 -0.8678357093271483 1.1656772926509285 1.7686001554820392 -0.16452747678855778 0.8510519032180188 -0.24513030058946472 2
HH0617-rgb_2017_3_26_22_0_0 1075 -0.7676454625110233 -0.08994723220331409 -1.7317335051822864 -0.5627967757120345 -0.9649831737540339 -1.927440902393529 -1.678517962568584 1
HH0617-rgb_2017_3_26_22_0_0 1075 -1.0061734526958297 -0.7196664755892751 0.3244935126348339 -0.6524658884502681 1.0361560686596563 -2.0663655426741068 -0.5181565219188208 1
HH0617-rgb_2017_3_26_22_0_0 1075 0.5442584835054117 -0.9048780177616166 1.1656772926509285 1.7686001554820392 0.6359282201769182 0.1564287018151318 -0.1427454675909562 2
HH0617-rgb_2017_3_26_22_0_0 425 -0.8630566585849458 0.539772011182647 -1.63134531744374 -0.5243671559670772 0.8360421444182872 0.7121272629374414 -0.34751513358797326 0
HH0617-rgb_2017_3_26_22_0_0 425 -1.0300262517143104 -1.0160049430650215 0.3244935126348339 -0.7421350011885016 -2.165666719202248 0.1564287018151318 2.1097208583762312 1
HH0617-rgb_2017_3_26_22_0_0 380 -0.791498261529504 0.46568739431371037 -1.6417303023822103 -0.5243671559670772 -0.36464140102992676 0.7121272629374414 -0.7229261879158377 0
HH0617-rgb_2017_3_26_22_0_0 380 -1.0300262517143104 -0.8678357093271483 0.3141085276963636 -0.7421350011885016 -1.1650970979954027 0.9899765434985962 -0.6887979102496683 1
HH0617-rgb_2017_3_26_22_0_0 1920 -1.0061734526958297 -0.6455818587203386 0.293338557819423 -0.6908955081952253 -0.16452747678855778 -0.6771191398683326 1.5636684157175194 0
HH0617-rgb_2017_3_26_22_0_0 1920 0.35343609135756665 -1.1271318683684264 1.1552923077124582 1.7686001554820392 0.43581429593554916 0.7121272629374414 0.06202419840606086 2
HH0617-rgb_2017_3_26_22_0_0 1505 -0.9823206536773491 0.169348926837964 -1.6625002722591509 -0.4090782967322054 0.23570037169418023 -0.3992698593071778 -1.678517962568584 0
HH0617-rgb_2017_3_26_22_0_0 1505 -1.1015846487697523 -0.9789626346305532 0.3348784975733042 -0.7421350011885016 -0.7648692495126648 -0.3992698593071778 -0.7570544655820073 1
HH0617-rgb_2017_3_26_22_0_0 1505 0.23417209626516347 -0.8678357093271483 1.1656772926509285 1.7301705357370818 -1.1650970979954027 0.7121272629374414 -0.41577168892031224 2
HH0617-rgb_2017_3_26_22_0_0 155 -0.4814118742892557 -0.6455818587203386 -0.07359757667319443 -1.4979175228393278 -1.1650970979954027 -0.5381944995877552 -1.883287628565601 1
HH0617-rgb_2017_3_26_22_0_0 155 -0.2428838841044493 0.6879412449205201 0.3556484674502448 -0.7805646209334589 -1.9655527949608789 0.5732026226568641 1.7684380817145364 0
HH0617-rgb_2017_3_26_22_0_0 155 -0.07591429097508483 -0.08994723220331409 1.2972204352048857 -0.5884165222086727 -0.16452747678855778 0.2953533420957092 0.6080766410647731 1
HH0617-rgb_2017_3_26_22_0_0 2030 -1.0777318497512716 -0.7196664755892751 0.3037235427578933 -0.7037053814435444 0.6359282201769182 -1.0938930607100648 1.939079470045384 0
HH0617-rgb_2017_3_26_22_0_0 2030 0.21031929724668283 -1.2753011021062997 1.1622156310047718 1.7686001554820392 0.43581429593554916 0.7121272629374414 0.2326655867369084 2
HH0617-rgb_2017_3_26_22_0_0 800 -1.053879050732791 -0.8678357093271483 0.3244935126348339 -0.7037053814435444 1.6364978413837632 -1.2328177009906423 0.5056918080662645 0
HH0617-rgb_2017_3_26_22_0_0 800 0.1387609001912409 -0.8678357093271483 1.1656772926509285 1.7301705357370818 -0.36464140102992676 0.9899765434985962 -0.24513030058946472 2
HH0617-rgb_2017_3_26_22_0_0 815 -1.1015846487697523 0.5768143196171153 -1.5482654379359777 -0.29378943749733366 0.23570037169418023 1.4067504643403284 -1.5078765742377365 0
HH0617-rgb_2017_3_26_22_0_0 815 -1.1015846487697523 -0.8678357093271483 0.3244935126348339 -0.7421350011885016 -0.36464140102992676 0.017504061534554412 0.19853730907073888 0
HH0617-rgb_2017_3_26_22_0_0 815 0.30573049332060537 -0.8678357093271483 1.1656772926509285 1.7686001554820392 -0.7648692495126648 0.8510519032180188 -0.24513030058946472 2
HH0617-rgb_2017_3_26_22_0_0 140 -0.529117472326217 -0.6085395502858703 -0.04936594515009705 -1.4979175228393278 0.6359282201769182 -1.3717423412712195 -1.678517962568584 1
HH0617-rgb_2017_3_26_22_0_0 140 -1.0300262517143104 -0.8678357093271483 0.3244935126348339 -0.7037053814435444 1.0361560686596563 -0.2603452190266004 1.597796693383689 0
HH0617-rgb_2017_3_26_22_0_0 140 -0.02820869293812356 1.0954066376996714 1.712619832743698 -1.2673398043695843 -1.565324946478141 0.4342779823762866 1.6319249710498582 0
HH0617-rgb_2017_3_26_22_0_0 2025 -1.1492902468067134 -1.0160049430650215 0.3141085276963636 -0.7165152546918635 -0.16452747678855778 1.1289011837791736 1.0176159730588072 0
HH0617-rgb_2017_3_26_22_0_0 1510 -0.9823206536773491 0.169348926837964 -1.6625002722591509 -0.4090782967322054 0.43581429593554916 -0.2603452190266004 -1.678517962568584 0
HH0617-rgb_2017_3_26_22_0_0 1510 -1.0061734526958297 -0.8678357093271483 0.3244935126348339 -0.6908955081952253 0.8360421444182872 -0.6771191398683326 -0.9276958539128548 1
HH0617-rgb_2017_3_26_22_0_0 1510 0.4249944884130086 -0.8307934008926801 1.1691389542970854 1.7301705357370818 0.8360421444182872 0.017504061534554412 0.2667938644030779 2
HH0617-rgb_2017_3_26_22_0_0 1935 -0.6960870654555814 0.7620258617894567 0.293338557819423 -0.6908955081952253 1.0361560686596563 -0.6771191398683326 1.6660532487160278 0
HH0617-rgb_2017_3_26_22_0_0 1935 0.35343609135756665 -1.1271318683684264 1.1552923077124582 1.7686001554820392 0.43581429593554916 0.7121272629374414 0.06202419840606086 2
HH0617-rgb_2017_3_26_22_0_0 395 -0.9346150556403878 0.169348926837964 -1.6105753475667994 -0.4731276629738009 0.6359282201769182 -0.12142057874602298 -0.38164341125414275 0
HH0617-rgb_2017_3_26_22_0_0 395 -0.9346150556403878 -0.9789626346305532 0.3348784975733042 -0.7421350011885016 -0.9649831737540339 -1.510666981551797 0.8128463070617901 1
HH0617-rgb_2017_3_26_22_0_0 430 -0.9823206536773491 0.169348926837964 -1.6105753475667994 -0.48593753622211994 0.035586447452811226 0.1564287018151318 0.7104614740632816 0
HH0617-rgb_2017_3_26_22_0_0 430 -1.053879050732791 -0.7196664755892751 0.3141085276963636 -0.7037053814435444 2.0367256898665014 -1.510666981551797 -0.6205413549173292 0
HH0617-rgb_2017_3_26_22_0_0 1060 -0.8630566585849458 0.169348926837964 -1.6832702421360917 -0.48593753622211994 -1.9655527949608789 0.017504061534554412 -0.8253110209143463 0
HH0617-rgb_2017_3_26_22_0_0 1060 -1.053879050732791 -0.8678357093271483 0.3244935126348339 -0.7037053814435444 -0.16452747678855778 -0.12142057874602298 1.4612835827190107 1
HH0617-rgb_2017_3_26_22_0_0 1060 0.23417209626516347 -1.0900895599339582 1.1656772926509285 1.7301705357370818 1.0361560686596563 0.5732026226568641 -0.07448891225861717 2
HH0617-rgb_2017_3_26_22_0_0 1855 -0.40985347723381377 0.539772011182647 0.3418018208656177 -0.8189942406784162 -0.5647553252712958 -0.12142057874602298 -0.24513030058946472 0
HH0617-rgb_2017_3_26_22_0_0 1855 0.3772888903760473 -0.9419203261960849 1.1622156310047718 1.7686001554820392 0.43581429593554916 0.1564287018151318 -0.1768737452571257 2
HH0617-rgb_2017_3_26_22_0_0 550 -0.7676454625110233 0.42864508587924205 -1.6694235955514645 -0.4475079164771627 0.035586447452811226 -0.6771191398683326 -0.6205413549173292 0
HH0617-rgb_2017_3_26_22_0_0 550 -1.0061734526958297 -0.8678357093271483 0.3141085276963636 -0.6524658884502681 0.8360421444182872 -2.0663655426741068 1.3930270273866718 1
HH0617-rgb_2017_3_26_22_0_0 550 -0.21903108508596866 0.9472374039617982 1.1552923077124582 0.4619930841534924 -2.565894567684986 0.4342779823762866 -0.5181565219188208 0
HH0617-rgb_2017_3_26_22_0_0 1100 -0.8869094576034265 0.5768143196171153 -1.6105753475667994 -0.39626842348388636 0.035586447452811226 -0.2603452190266004 -0.8935675762466854 0
HH0617-rgb_2017_3_26_22_0_0 1100 0.4965528854684505 -0.9048780177616166 1.1656772926509285 1.8070297752269964 0.23570037169418023 0.4342779823762866 -0.1768737452571257 2
HH0617-rgb_2017_3_26_22_0_0 785 -1.053879050732791 -0.9789626346305532 0.3348784975733042 -0.7421350011885016 -0.5647553252712958 -0.9549684204294874 0.7445897517294511 1
HH0617-rgb_2017_3_26_22_0_0 785 0.1387609001912409 -0.8678357093271483 1.1656772926509285 1.7301705357370818 -0.5647553252712958 0.9899765434985962 -0.07448891225861717 2
HH0617-rgb_2017_3_26_22_0_0 975 -1.0061734526958297 -0.7196664755892751 0.3141085276963636 -0.6908955081952253 1.8366117656251322 -1.6495916218323743 -0.2110020229232952 0
HH0617-rgb_2017_3_26_22_0_0 975 0.663522478597815 -1.1641741768028946 1.203755570758653 1.5764520567572529 -0.16452747678855778 0.1564287018151318 0.5739483633986036 2
HH0617-rgb_2017_3_26_22_0_0 20 -0.7676454625110233 0.058222001534559094 -1.690193565428405 -0.5243671559670772 -1.9655527949608789 -1.927440902393529 -1.9515441838979402 1
HH0617-rgb_2017_3_26_22_0_0 20 -0.6006758693816588 0.9101950955273299 0.3141085276963636 -0.6652757616985872 1.8366117656251322 0.017504061534554412 2.21210569137474 0
HH0617-rgb_2017_3_26_22_0_0 20 -0.14747268803052674 3.429072069071174 3.1111311377910322 -0.22974007125573823 -1.565324946478141 -0.6771191398683326 1.3247704720543327 0
HH0617-rgb_2017_3_26_22_0_0 1470 -1.0061734526958297 0.169348926837964 -1.6625002722591509 -0.4090782967322054 1.2362699929010252 -0.12142057874602298 -1.7126462402347535 0
HH0617-rgb_2017_3_26_22_0_0 1470 -1.0777318497512716 -0.5714972418514019 0.293338557819423 -0.7037053814435444 1.4363839171423942 -0.6771191398683326 -0.07448891225861717 0
HH0617-rgb_2017_3_26_22_0_0 1470 0.35343609135756665 -0.8307934008926801 1.158753969358615 1.7686001554820392 0.23570037169418023 0.4342779823762866 -0.24513030058946472 2
HH0617-rgb_2017_3_26_22_0_0 1300 -1.0061734526958297 -0.8678357093271483 0.3348784975733042 -0.6908955081952253 0.8360421444182872 -1.510666981551797 0.19853730907073888 1
HH0617-rgb_2017_3_26_22_0_0 1300 0.35343609135756665 -0.8678357093271483 1.1760622775893987 1.7686001554820392 -0.36464140102992676 0.2953533420957092 -0.5522847995849902 2
HH0617-rgb_2017_3_26_22_0_0 750 -0.8392038595664653 0.46568739431371037 -1.6521152873206806 -0.42188816998052453 0.23570037169418023 -0.2603452190266004 -0.5864130772511598 0
HH0617-rgb_2017_3_26_22_0_0 750 -1.0777318497512716 -1.0160049430650215 0.3244935126348339 -0.7037053814435444 0.43581429593554916 -0.5381944995877552 1.0858725283911461 1
HH0617-rgb_2017_3_26_22_0_0 750 0.2818776943021247 -0.8678357093271483 1.1864472625278693 1.7301705357370818 -0.16452747678855778 0.9899765434985962 -0.4840282442526513 2
HH0617-rgb_2017_3_26_22_0_0 1670 -0.9346150556403878 0.42864508587924205 -1.6590386106129942 -0.4090782967322054 0.035586447452811226 0.9899765434985962 -1.2348503529083805 0
HH0617-rgb_2017_3_26_22_0_0 1670 -1.1015846487697523 -0.9789626346305532 0.3348784975733042 -0.7421350011885016 -0.36464140102992676 0.017504061534554412 1.0176159730588072 1
HH0617-rgb_2017_3_26_22_0_0 1670 0.2818776943021247 -0.8307934008926801 1.1691389542970854 1.7686001554820392 -0.5647553252712958 0.1564287018151318 -0.4498999665864818 2
HH0617-rgb_2017_3_26_22_0_0 220 -0.2667366831229299 -1.349385718975236 -0.31245223025801144 -1.561966889080923 1.2362699929010252 2.1013736657432154 1.3247704720543327 1
HH0617-rgb_2017_3_26_22_0_0 220 -0.9823206536773491 -0.46037031654799704 0.24487529477322822 -0.48593753622211994 -0.16452747678855778 1.5456751046209058 -1.200722075242211 0
HH0617-rgb_2017_3_26_22_0_0 220 1.3075480520967921 0.9472374039617982 1.1864472625278693 -1.1904805648796697 0.23570037169418023 -0.12142057874602298 0.9493594177264681 2
HH0617-rgb_2017_3_26_22_0_0 1880 -0.7437926634925427 0.169348926837964 0.3244935126348339 -0.7421350011885016 -0.36464140102992676 -1.3717423412712195 0.9152311400602986 0
HH0617-rgb_2017_3_26_22_0_0 1880 0.5681112825238924 -1.0160049430650215 1.158753969358615 1.7686001554820392 -0.16452747678855778 0.1564287018151318 -0.04036063459244767 2
HH0617-rgb_2017_3_26_22_0_0 585 -0.9823206536773491 -0.8678357093271483 0.3141085276963636 -0.639656015201949 0.43581429593554916 -1.6495916218323743 1.4954118603851803 1
HH0617-rgb_2017_3_26_22_0_0 585 -0.29058948214141056 -0.20107415750671898 1.3110670817895127 0.4491832109051733 -1.3652110222367717 0.4342779823762866 -2.190442127561127 2
HH0617-rgb_2017_3_26_22_0_0 1710 0.40114168939452793 -0.7937510924582117 1.158753969358615 1.7301705357370818 0.8360421444182872 -0.3992698593071778 -0.2792585782556342 2
HH0617-rgb_2017_3_26_22_0_0 1260 -1.053879050732791 0.0211796931000908 -1.5101871598282532 -0.1785005782624619 -2.3657806434436166 0.9899765434985962 -1.473748296571567 0
HH0617-rgb_2017_3_26_22_0_0 1260 -1.1492902468067134 -0.7196664755892751 0.3141085276963636 -0.6780856349469062 1.2362699929010252 -2.3442148232352613 -0.6887979102496683 0
HH0617-rgb_2017_3_26_22_0_0 1260 0.067202503135799 -0.7196664755892751 1.158753969358615 1.8070297752269964 -1.76543887071951 1.267825824059751 -1.3031069082407194 2
HH0617-rgb_2017_3_26_22_0_0 630 -0.9107622566219071 0.5768143196171153 -1.648653625674524 -0.4475079164771627 0.43581429593554916 -0.2603452190266004 -0.9959524092451939 0
HH0617-rgb_2017_3_26_22_0_0 630 -1.0061734526958297 -0.7196664755892751 0.3037235427578933 -0.6524658884502681 -0.7648692495126648 -2.3442148232352613 1.6660532487160278 1
HH0617-rgb_2017_3_26_22_0_0 195 -0.33829508017837184 -1.2753011021062997 -0.37822380153499 -1.4594879030943704 0.035586447452811226 2.2402983060237927 0.9834876953926377 1
HH0617-rgb_2017_3_26_22_0_0 195 -1.1015846487697523 -0.46037031654799704 0.24487529477322822 -0.48593753622211994 0.43581429593554916 1.267825824059751 0.47156353040009497 0
HH0617-rgb_2017_3_26_22_0_0 195 1.3075480520967921 0.799068170223925 1.1414456611278312 -1.2289101846246269 0.8360421444182872 -0.5381944995877552 1.3930270273866718 2
HH0617-rgb_2017_3_26_22_0_0 180 -0.4337062762522944 -1.3864280274097045 -0.34360718507342236 -1.4979175228393278 0.6359282201769182 1.8235243851820606 1.4612835827190107 1
HH0617-rgb_2017_3_26_22_0_0 180 -1.1731430458251941 -0.8307934008926801 0.25526027971169857 -0.5371770292153963 -0.36464140102992676 -0.5381944995877552 -0.2792585782556342 0
HH0617-rgb_2017_3_26_22_0_0 180 1.3552536501337535 1.0954066376996714 1.504920133974292 -1.1136213253897551 1.0361560686596563 0.017504061534554412 -0.24513030058946472 2
HH0617-rgb_2017_3_26_22_0_0 625 -0.8869094576034265 0.42864508587924205 -1.6590386106129942 -0.4346980432288436 -0.36464140102992676 -0.6771191398683326 -0.9276958539128548 0
HH0617-rgb_2017_3_26_22_0_0 625 -0.9823206536773491 -0.7196664755892751 0.3037235427578933 -0.6780856349469062 -0.16452747678855778 -1.0938930607100648 1.939079470045384 0
HH0617-rgb_2017_3_26_22_0_0 1275 -1.053879050732791 -0.8678357093271483 0.3244935126348339 -0.7037053814435444 0.035586447452811226 -1.2328177009906423 0.5056918080662645 1
HH0617-rgb_2017_3_26_22_0_0 1275 0.5681112825238924 -1.0160049430650215 1.1795239392355557 1.6917409159921246 0.23570037169418023 0.5732026226568641 0.6080766410647731 2
HH0617-rgb_2017_3_26_22_0_0 355 -0.9346150556403878 0.42864508587924205 -1.6105753475667994 -0.5115572827187581 -0.7648692495126648 0.7121272629374414 -0.006232356926278159 0
HH0617-rgb_2017_3_26_22_0_0 355 -1.0061734526958297 -1.1271318683684264 0.3452634825117745 -0.8189942406784162 -2.766008491926355 -1.927440902393529 1.8708229147130448 1
HH0617-rgb_2017_3_26_22_0_0 1705 0.40114168939452793 -0.7937510924582117 1.158753969358615 1.7301705357370818 1.0361560686596563 0.017504061534554412 0.09615247607223036 2
HH0617-rgb_2017_3_26_22_0_0 590 -1.1015846487697523 0.2804758521413689 -1.5690354078129183 -0.3706486769872482 1.2362699929010252 0.4342779823762866 -0.9618241315790244 0
HH0617-rgb_2017_3_26_22_0_0 590 -0.9823206536773491 -0.7196664755892751 0.3037235427578933 -0.639656015201949 -0.5647553252712958 -2.3442148232352613 1.9049511923792144 1
HH0617-rgb_2017_3_26_22_0_0 590 -0.6722342664371008 0.799068170223925 1.504920133974292 0.6413313096299595 -1.3652110222367717 -0.12142057874602298 1.8366946370468753 0
HH0617-rgb_2017_3_26_22_0_0 1895 -0.6006758693816588 0.9101950955273299 0.3244935126348339 -0.7421350011885016 0.6359282201769182 -0.9549684204294874 2.007336025377723 0
HH0617-rgb_2017_3_26_22_0_0 1895 0.35343609135756665 -1.0160049430650215 1.158753969358615 1.7686001554820392 0.23570037169418023 0.2953533420957092 -0.10861718992478668 2
HH0617-rgb_2017_3_26_22_0_0 235 -0.5768230703631783 -0.6085395502858703 -1.0913261006432842 -1.3441990438594986 1.4363839171423942 -1.0938930607100648 0.4033069750677559 1
HH0617-rgb_2017_3_26_22_0_0 235 -0.8392038595664653 -0.9789626346305532 0.3452634825117745 -0.8189942406784162 -1.9655527949608789 -2.3442148232352613 -0.34751513358797326 1
HH0617-rgb_2017_3_26_22_0_0 235 1.5460760422815985 1.0954066376996714 1.1206756912508906 -1.2673398043695843 0.43581429593554916 -0.3992698593071778 1.9732077477115535 2
HH0617-rgb_2017_3_26_22_0_0 1665 -0.9346150556403878 -0.9789626346305532 0.3348784975733042 -0.7805646209334589 -2.3657806434436166 -0.6771191398683326 0.13028075373839987 1
HH0617-rgb_2017_3_26_22_0_0 1665 0.35343609135756665 -0.8678357093271483 1.1656772926509285 1.7686001554820392 0.035586447452811226 0.5732026226568641 -0.5522847995849902 2
HH0617-rgb_2017_3_26_22_0_0 745 -0.8392038595664653 0.42864508587924205 -1.6590386106129942 -0.42188816998052453 -0.36464140102992676 -0.5381944995877552 -0.9618241315790244 0
HH0617-rgb_2017_3_26_22_0_0 745 -1.0061734526958297 -0.8678357093271483 0.3244935126348339 -0.7293251279401826 -0.5647553252712958 0.4342779823762866 0.9152311400602986 1
HH0617-rgb_2017_3_26_22_0_0 745 0.09105530215427964 -0.9048780177616166 1.1864472625278693 1.7301705357370818 0.035586447452811226 1.6845997449014831 -0.1427454675909562 2
HH0617-rgb_2017_3_26_22_0_0 1315 -1.0300262517143104 0.058222001534559094 -1.6694235955514645 -0.38345855023556724 -0.16452747678855778 -0.2603452190266004 -1.883287628565601 0
HH0617-rgb_2017_3_26_22_0_0 1315 -1.0061734526958297 -0.9789626346305532 0.3348784975733042 -0.6908955081952253 0.43581429593554916 -0.3992698593071778 -0.41577168892031224 1
HH0617-rgb_2017_3_26_22_0_0 1315 0.3772888903760473 -0.9048780177616166 1.1760622775893987 1.7686001554820392 -0.36464140102992676 0.2953533420957092 -0.7911827432481768 2
HH0617-rgb_2017_3_26_22_0_0 50 nan nan nan nan nan nan nan 0
HH0617-rgb_2017_3_26_22_0_0 50 -0.6006758693816588 0.6879412449205201 0.3141085276963636 -0.6652757616985872 1.2362699929010252 -0.81604378014891 1.9732077477115535 0
HH0617-rgb_2017_3_26_22_0_0 50 1.6176344393370405 1.9473797316924422 2.4811087181905003 -1.4979175228393278 -0.16452747678855778 0.8510519032180188 -0.8594392985805158 2
HH0617-rgb_2017_3_26_22_0_0 1400 -1.0300262517143104 0.31751816057583715 -1.6001903626283291 -0.42188816998052453 1.2362699929010252 -1.0938930607100648 -1.815031073233262 0
HH0617-rgb_2017_3_26_22_0_0 1400 -1.0061734526958297 -0.7196664755892751 0.293338557819423 -0.6908955081952253 -0.9649831737540339 -1.510666981551797 2.2462339690409094 1
HH0617-rgb_2017_3_26_22_0_0 1400 0.35343609135756665 -0.8678357093271483 1.1656772926509285 1.7301705357370818 0.8360421444182872 0.2953533420957092 -0.5522847995849902 2
HH0617-rgb_2017_3_26_22_0_0 905 -1.0061734526958297 -0.5714972418514019 0.293338557819423 -0.6140362687053108 0.43581429593554916 -1.0938930607100648 1.2906421943881632 0
HH0617-rgb_2017_3_26_22_0_0 905 0.7112280766347762 -0.7937510924582117 1.1691389542970854 1.6917409159921246 0.035586447452811226 0.5732026226568641 0.5739483633986036 2
HH0617-rgb_2017_3_26_22_0_0 520 -0.791498261529504 0.169348926837964 -1.6832702421360917 -0.48593753622211994 -1.76543887071951 -1.3717423412712195 -1.405491741239228 1
HH0617-rgb_2017_3_26_22_0_0 520 -1.0300262517143104 -1.0160049430650215 0.3244935126348339 -0.7037053814435444 -1.9655527949608789 0.5732026226568641 -0.7911827432481768 1
HH0617-rgb_2017_3_26_22_0_0 520 0.4965528854684505 0.31751816057583715 1.1102907063124203 0.2698449854287061 1.0361560686596563 0.5732026226568641 -1.6443896849024144 2
HH0617-rgb_2017_3_26_22_0_0 1170 -0.9346150556403878 0.169348926837964 -1.6728852571976214 -0.4090782967322054 -0.16452747678855778 -0.9549684204294874 -1.473748296571567 0
HH0617-rgb_2017_3_26_22_0_0 1170 0.329583292339086 -0.7937510924582117 1.1691389542970854 1.7686001554820392 -0.5647553252712958 0.5732026226568641 -0.8935675762466854 2
HH0617-rgb_2017_3_26_22_0_0 285 0.3772888903760473 0.8361104786583933 -2.1921345041211366 -1.4979175228393278 0.8360421444182872 -0.81604378014891 -1.883287628565601 2
HH0617-rgb_2017_3_26_22_0_0 285 -1.1492902468067134 -0.9789626346305532 0.3452634825117745 -0.7549448744368208 1.0361560686596563 -1.3717423412712195 0.33505041973541694 0
HH0617-rgb_2017_3_26_22_0_0 285 2.8579799882980335 2.095548965430315 -0.46130368104275243 -1.4594879030943704 0.035586447452811226 0.5732026226568641 0.2326655867369084 2
HH0617-rgb_2017_3_26_22_0_0 1825 -0.9346150556403878 -0.6085395502858703 0.3452634825117745 -0.7805646209334589 1.0361560686596563 -0.12142057874602298 -0.5181565219188208 0
HH0617-rgb_2017_3_26_22_0_0 440 -0.9823206536773491 0.2804758521413689 -1.5794203927513886 -0.4090782967322054 1.2362699929010252 -0.6771191398683326 0.6080766410647731 0
HH0617-rgb_2017_3_26_22_0_0 440 -1.0061734526958297 -0.8678357093271483 0.3244935126348339 -0.7293251279401826 -1.3652110222367717 -0.12142057874602298 1.2906421943881632 1
HH0617-rgb_2017_3_26_22_0_0 1010 -1.1015846487697523 -0.7196664755892751 0.3141085276963636 -0.6780856349469062 1.2362699929010252 -1.7885162621129518 -0.9276958539128548 0
HH0617-rgb_2017_3_26_22_0_0 1945 -1.053879050732791 -0.6085395502858703 0.24487529477322822 -0.5499869024637154 -0.36464140102992676 -0.9549684204294874 0.9834876953926377 0
HH0617-rgb_2017_3_26_22_0_0 1945 0.329583292339086 -1.0160049430650215 1.158753969358615 1.7686001554820392 0.8360421444182872 0.1564287018151318 -0.2792585782556342 2
HH0617-rgb_2017_3_26_22_0_0 2055 -1.0061734526958297 -0.9789626346305532 0.3348784975733042 -0.7293251279401826 -1.76543887071951 -0.12142057874602298 0.47156353040009497 1
HH0617-rgb_2017_3_26_22_0_0 2055 0.7112280766347762 -0.6826241671548068 1.1622156310047718 1.7686001554820392 0.43581429593554916 -0.3992698593071778 -0.34751513358797326 2
HH0617-rgb_2017_3_26_22_0_0 130 -0.29058948214141056 -0.8678357093271483 -0.11167585478091888 -1.536347142584285 1.0361560686596563 0.4342779823762866 -0.5522847995849902 1
HH0617-rgb_2017_3_26_22_0_0 130 -0.6483814674186201 0.1323066184034957 0.338340159219461 -0.7037053814435444 -0.16452747678855778 -1.510666981551797 1.597796693383689 0
HH0617-rgb_2017_3_26_22_0_0 130 nan nan nan nan nan nan nan 0
HH0617-rgb_2017_3_26_22_0_0 1560 -0.9823206536773491 -0.9789626346305532 0.3348784975733042 -0.7165152546918635 -0.36464140102992676 -0.3992698593071778 -1.0983372422437023 1
HH0617-rgb_2017_3_26_22_0_0 1560 0.663522478597815 -0.7937510924582117 1.2072172324048098 1.6533112962471674 0.035586447452811226 0.1564287018151318 0.19853730907073888 2
HH0617-rgb_2017_3_26_22_0_0 695 -0.8392038595664653 0.42864508587924205 -1.6694235955514645 -0.42188816998052453 0.035586447452811226 -0.6771191398683326 -1.1665937975760414 0
HH0617-rgb_2017_3_26_22_0_0 695 -0.9823206536773491 -0.46037031654799704 0.25526027971169857 -0.5243671559670772 -1.76543887071951 1.1289011837791736 0.7104614740632816 0
HH0617-rgb_2017_3_26_22_0_0 695 0.7112280766347762 -0.5344549334169336 1.248757172158691 1.5764520567572529 -0.16452747678855778 -0.12142057874602298 -0.07448891225861717 2
HH0617-rgb_2017_3_26_22_0_0 865 -1.0300262517143104 -0.8678357093271483 0.3141085276963636 -0.7037053814435444 0.43581429593554916 0.8510519032180188 -0.006232356926278159 0
HH0617-rgb_2017_3_26_22_0_0 865 0.329583292339086 -0.7937510924582117 1.1691389542970854 1.7301705357370818 0.6359282201769182 0.2953533420957092 -0.8935675762466854 2
HH0617-rgb_2017_3_26_22_0_0 870 -1.053879050732791 -0.8678357093271483 0.3141085276963636 -0.6652757616985872 0.6359282201769182 -1.2328177009906423 0.6763331963971121 1
HH0617-rgb_2017_3_26_22_0_0 870 0.5442584835054117 -0.8307934008926801 1.1691389542970854 1.7301705357370818 1.2362699929010252 -0.12142057874602298 -0.6205413549173292 2
HH0617-rgb_2017_3_26_22_0_0 680 -0.8869094576034265 0.6879412449205201 -1.63134531744374 -0.39626842348388636 1.0361560686596563 0.9899765434985962 -1.0983372422437023 0
HH0617-rgb_2017_3_26_22_0_0 680 -1.053879050732791 -0.7196664755892751 0.3141085276963636 -0.7037053814435444 1.4363839171423942 -1.6495916218323743 1.0176159730588072 0
HH0617-rgb_2017_3_26_22_0_0 680 -0.2428838841044493 -0.7196664755892751 1.7472364492052657 1.2433953523009567 -2.165666719202248 0.017504061534554412 1.939079470045384 1
HH0617-rgb_2017_3_26_22_0_0 1575 -0.8630566585849458 0.058222001534559094 -1.690193565428405 -0.4475079164771627 -2.3657806434436166 -0.5381944995877552 -0.9276958539128548 1
HH0617-rgb_2017_3_26_22_0_0 1575 -0.9346150556403878 -0.8678357093271483 0.3348784975733042 -0.7805646209334589 -1.9655527949608789 -1.2328177009906423 -0.38164341125414275 1
HH0617-rgb_2017_3_26_22_0_0 1575 0.30573049332060537 -0.7567087840237434 1.1622156310047718 1.7686001554820392 -0.5647553252712958 0.9899765434985962 -0.7229261879158377 2
HH0617-rgb_2017_3_26_22_0_0 2040 -1.053879050732791 -0.8678357093271483 0.3037235427578933 -0.7421350011885016 -2.565894567684986 1.6845997449014831 1.2565139167219936 1
HH0617-rgb_2017_3_26_22_0_0 2040 0.35343609135756665 -1.0160049430650215 1.158753969358615 1.7686001554820392 0.43581429593554916 0.1564287018151318 0.13028075373839987 2
HH0617-rgb_2017_3_26_22_0_0 125 -0.2428838841044493 -0.9419203261960849 -0.11513751642707565 -1.536347142584285 1.4363839171423942 0.9899765434985962 0.8128463070617901 1
HH0617-rgb_2017_3_26_22_0_0 125 -0.5052646733077363 0.2804758521413689 0.3418018208656177 -0.7421350011885016 -0.9649831737540339 -1.3717423412712195 1.3588987497205023 0
HH0617-rgb_2017_3_26_22_0_0 125 nan nan nan nan nan nan nan 0
HH0617-rgb_2017_3_26_22_0_0 1950 -0.8630566585849458 -0.08994723220331409 0.21372033995781733 -0.5499869024637154 0.23570037169418023 0.4342779823762866 0.9493594177264681 0
HH0617-rgb_2017_3_26_22_0_0 1950 0.30573049332060537 -1.1271318683684264 1.1552923077124582 1.8070297752269964 0.8360421444182872 0.8510519032180188 0.06202419840606086 2
HH0617-rgb_2017_3_26_22_0_0 1005 -1.053879050732791 -0.7196664755892751 0.3141085276963636 -0.7037053814435444 1.8366117656251322 -1.7885162621129518 -0.2792585782556342 0
HH0617-rgb_2017_3_26_22_0_0 455 -0.8869094576034265 0.46568739431371037 -1.6521152873206806 -0.4731276629738009 -0.36464140102992676 -0.2603452190266004 -0.8935675762466854 0
HH0617-rgb_2017_3_26_22_0_0 455 -1.1015846487697523 -0.6085395502858703 0.26564526465016886 -0.48593753622211994 -2.3657806434436166 0.9899765434985962 -0.10861718992478668 0
HH0617-rgb_2017_3_26_22_0_0 1830 -0.9346150556403878 -0.6826241671548068 0.338340159219461 -0.8189942406784162 2.0367256898665014 -0.9549684204294874 0.8811028623941292 0
HH0617-rgb_2017_3_26_22_0_0 290 -1.0061734526958297 -0.9789626346305532 0.3452634825117745 -0.8189942406784162 -2.3657806434436166 -1.6495916218323743 1.5295401380513498 1
HH0617-rgb_2017_3_26_22_0_0 1165 -1.1492902468067134 -0.9789626346305532 0.3348784975733042 -0.7165152546918635 0.6359282201769182 -1.510666981551797 0.2667938644030779 1
HH0617-rgb_2017_3_26_22_0_0 1165 0.21031929724668283 -1.0530472514994897 1.158753969358615 1.7686001554820392 0.6359282201769182 0.9899765434985962 -0.10861718992478668 2
HH0617-rgb_2017_3_26_22_0_0 535 -0.6722342664371008 0.31751816057583715 -1.6728852571976214 -0.5243671559670772 -2.565894567684986 -1.2328177009906423 -1.1324655199098719 1
HH0617-rgb_2017_3_26_22_0_0 535 -1.053879050732791 -0.8678357093271483 0.3141085276963636 -0.7037053814435444 0.035586447452811226 -0.9549684204294874 0.36917869740158643 1
HH0617-rgb_2017_3_26_22_0_0 535 0.30573049332060537 0.539772011182647 1.1068290446662634 0.2698449854287061 -0.16452747678855778 -0.9549684204294874 -1.9174159062317706 2
HH0617-rgb_2017_3_26_22_0_0 910 -0.9346150556403878 -0.46037031654799704 0.2968002194655798 -0.6268461419536299 0.6359282201769182 -2.205290182954684 1.5295401380513498 0
HH0617-rgb_2017_3_26_22_0_0 910 0.4488472874314892 -0.9048780177616166 1.1656772926509285 1.6917409159921246 0.6359282201769182 -0.12142057874602298 -0.4840282442526513 2
HH0617-rgb_2017_3_26_22_0_0 1415 -0.9823206536773491 0.31751816057583715 -1.6521152873206806 -0.4090782967322054 0.23570037169418023 0.7121272629374414 -1.7809027955670926 0
HH0617-rgb_2017_3_26_22_0_0 1415 -1.0061734526958297 -0.8678357093271483 0.3037235427578933 -0.7293251279401826 -1.565324946478141 1.4067504643403284 1.4612835827190107 1
HH0617-rgb_2017_3_26_22_0_0 1415 0.30573049332060537 -0.7196664755892751 1.158753969358615 1.7686001554820392 -0.7648692495126648 0.7121272629374414 -0.7229261879158377 2
HH0617-rgb_2017_3_26_22_0_0 45 -1.0061734526958297 -0.8678357093271483 0.3037235427578933 -0.6524658884502681 1.0361560686596563 -1.0938930607100648 1.8708229147130448 1
HH0617-rgb_2017_3_26_22_0_0 45 nan nan nan nan nan nan nan 0
HH0617-rgb_2017_3_26_22_0_0 2120 -1.0300262517143104 -0.8678357093271483 0.3348784975733042 -0.7037053814435444 1.0361560686596563 0.7121272629374414 -0.07448891225861717 0
HH0617-rgb_2017_3_26_22_0_0 2120 0.3772888903760473 -0.9048780177616166 1.1656772926509285 1.7686001554820392 -0.16452747678855778 -0.12142057874602298 -0.1768737452571257 2
HH0617-rgb_2017_3_26_22_0_0 735 -1.0061734526958297 -1.0160049430650215 0.3141085276963636 -0.7293251279401826 -2.3657806434436166 0.9899765434985962 1.7001815263821973 1
HH0617-rgb_2017_3_26_22_0_0 735 0.5681112825238924 -0.9789626346305532 1.1829856008817123 1.61488167650221 -0.16452747678855778 0.9899765434985962 0.47156353040009497 2
HH0617-rgb_2017_3_26_22_0_0 1365 -1.0061734526958297 -0.7196664755892751 0.3244935126348339 -0.6140362687053108 -1.1650970979954027 -2.4831394635158386 0.6422049187309425 1
HH0617-rgb_2017_3_26_22_0_0 1365 0.5681112825238924 -1.0530472514994897 1.2106788940509665 1.6533112962471674 -0.16452747678855778 0.2953533420957092 -0.04036063459244767 2
HH0617-rgb_2017_3_26_22_0_0 90 -0.5768230703631783 -0.8307934008926801 -0.4543803577504389 -1.4594879030943704 2.0367256898665014 0.7121272629374414 1.1882573613896548 1
HH0617-rgb_2017_3_26_22_0_0 90 -1.053879050732791 -0.8678357093271483 0.3141085276963636 -0.6268461419536299 -1.9655527949608789 -1.2328177009906423 1.2565139167219936 1
HH0617-rgb_2017_3_26_22_0_0 90 nan nan nan nan nan nan nan 0
HH0617-rgb_2017_3_26_22_0_0 245 -0.40985347723381377 -0.9789626346305532 -1.634806979089897 -1.382628663604456 1.0361560686596563 0.1564287018151318 -0.04036063459244767 1
HH0617-rgb_2017_3_26_22_0_0 245 -0.5529702713446976 0.8731527870928616 0.34872514415793127 -0.7421350011885016 0.8360421444182872 0.017504061534554412 0.7445897517294511 0
HH0617-rgb_2017_3_26_22_0_0 1615 -1.0061734526958297 -0.9789626346305532 0.3452634825117745 -0.7293251279401826 -0.36464140102992676 -1.927440902393529 0.7787180293956206 1
HH0617-rgb_2017_3_26_22_0_0 1615 0.35343609135756665 -0.8678357093271483 1.1656772926509285 1.7301705357370818 0.035586447452811226 0.4342779823762866 -0.6205413549173292 2
HH0617-rgb_2017_3_26_22_0_0 325 -0.8392038595664653 0.5768143196171153 -1.6105753475667994 -0.5499869024637154 0.23570037169418023 1.5456751046209058 -0.2792585782556342 0
HH0617-rgb_2017_3_26_22_0_0 325 -1.1015846487697523 -0.9789626346305532 0.3452634825117745 -0.7805646209334589 0.23570037169418023 -1.7885162621129518 1.597796693383689 1
HH0617-rgb_2017_3_26_22_0_0 325 2.309365610872979 2.2807605076026567 -0.4751503276273795 -1.2289101846246269 0.23570037169418023 0.1564287018151318 1.0517442507249766 2
HH0617-rgb_2017_3_26_22_0_0 1985 -0.6960870654555814 0.7620258617894567 0.3037235427578933 -0.6908955081952253 1.2362699929010252 -0.6771191398683326 1.4954118603851803 0
HH0617-rgb_2017_3_26_22_0_0 1985 0.40114168939452793 -1.1271318683684264 1.1552923077124582 1.7686001554820392 0.035586447452811226 0.5732026226568641 0.30092214206924744 2
HH0617-rgb_2017_3_26_22_0_0 1775 -0.7676454625110233 -0.9789626346305532 0.35218680580408807 -0.8958534801683307 1.2362699929010252 -0.9549684204294874 -1.7809027955670926 1
HH0617-rgb_2017_3_26_22_0_0 1775 0.11490810117276026 -0.9419203261960849 1.1622156310047718 1.7686001554820392 -1.3652110222367717 0.9899765434985962 -0.4498999665864818 2
HH0617-rgb_2017_3_26_22_0_0 480 -0.7676454625110233 0.2804758521413689 -1.690193565428405 -0.48593753622211994 -1.3652110222367717 -0.6771191398683326 -1.3031069082407194 0
HH0617-rgb_2017_3_26_22_0_0 480 -1.2208486438621555 -0.6085395502858703 0.26564526465016886 -0.4731276629738009 -0.16452747678855778 0.9899765434985962 0.6422049187309425 0
HH0617-rgb_2017_3_26_22_0_0 480 nan nan nan nan nan nan nan 0
HH0617-rgb_2017_3_26_22_0_0 655 -0.8869094576034265 0.6879412449205201 -1.63134531744374 -0.39626842348388636 0.8360421444182872 0.9899765434985962 -1.1324655199098719 0
HH0617-rgb_2017_3_26_22_0_0 655 -1.0061734526958297 -0.8678357093271483 0.3141085276963636 -0.6524658884502681 0.8360421444182872 -1.6495916218323743 1.8366946370468753 1
HH0617-rgb_2017_3_26_22_0_0 655 -0.6960870654555814 0.799068170223925 1.6641565696975031 1.3714940847841475 0.23570037169418023 -1.510666981551797 -0.34751513358797326 0
HH0617-rgb_2017_3_26_22_0_0 1205 -0.8630566585849458 0.058222001534559094 -1.690193565428405 -0.4475079164771627 -1.565324946478141 -0.3992698593071778 -1.2689786305745498 0
HH0617-rgb_2017_3_26_22_0_0 1205 -1.0061734526958297 -0.8678357093271483 0.3244935126348339 -0.6908955081952253 0.43581429593554916 -0.2603452190266004 0.7104614740632816 1
HH0617-rgb_2017_3_26_22_0_0 1205 0.4249944884130086 -0.8678357093271483 1.1656772926509285 1.6917409159921246 1.0361560686596563 -0.2603452190266004 0.2326655867369084 2
HH0617-rgb_2017_3_26_22_0_0 2095 -1.0061734526958297 -0.46037031654799704 0.24487529477322822 -0.5756066489603535 0.23570037169418023 -0.12142057874602298 0.02789592073989135 0
HH0617-rgb_2017_3_26_22_0_0 2095 0.47270008644996986 -0.7937510924582117 1.1691389542970854 1.7686001554820392 0.035586447452811226 0.4342779823762866 -0.4498999665864818 2
HH0617-rgb_2017_3_26_22_0_0 2080 -1.053879050732791 -1.0160049430650215 0.3244935126348339 -0.7421350011885016 -1.9655527949608789 0.7121272629374414 0.2667938644030779 1
HH0617-rgb_2017_3_26_22_0_0 2080 0.40114168939452793 -1.0530472514994897 1.1691389542970854 1.7301705357370818 -0.16452747678855778 -0.2603452190266004 0.36917869740158643 2
HH0617-rgb_2017_3_26_22_0_0 1210 -0.7676454625110233 0.058222001534559094 -1.690193565428405 -0.48593753622211994 -1.9655527949608789 -0.3992698593071778 -1.7126462402347535 1
HH0617-rgb_2017_3_26_22_0_0 1210 0.3772888903760473 -0.9419203261960849 1.1622156310047718 1.7301705357370818 1.0361560686596563 0.4342779823762866 -0.1427454675909562 2
HH0617-rgb_2017_3_26_22_0_0 640 -1.0061734526958297 -0.7196664755892751 0.3037235427578933 -0.6524658884502681 -0.36464140102992676 -2.205290182954684 1.6660532487160278 1
HH0617-rgb_2017_3_26_22_0_0 640 0.4249944884130086 -1.1271318683684264 1.1345223378355176 1.166536112811042 2.637067462590608 0.5732026226568641 -0.34751513358797326 2
HH0617-rgb_2017_3_26_22_0_0 495 -0.8153510605479846 0.2804758521413689 -1.7005785503668753 -0.46031778972548176 -0.5647553252712958 -0.5381944995877552 -0.4840282442526513 0
HH0617-rgb_2017_3_26_22_0_0 495 -0.17132548704900738 0.09526430996902739 0.7675862033429002 -1.1520509451347125 1.4363839171423942 0.9899765434985962 1.3930270273866718 0
HH0617-rgb_2017_3_26_22_0_0 1760 -1.125437447788233 -0.34924339124459214 0.2725685879424824 -0.639656015201949 1.6364978413837632 0.1564287018151318 1.1882573613896548 0
HH0617-rgb_2017_3_26_22_0_0 1760 0.35343609135756665 -0.8678357093271483 1.1656772926509285 1.7686001554820392 -0.16452747678855778 0.7121272629374414 -0.41577168892031224 2
HH0617-rgb_2017_3_26_22_0_0 1990 -1.0300262517143104 -0.8678357093271483 0.3037235427578933 -0.7421350011885016 -2.565894567684986 1.6845997449014831 0.539820085732434 1
HH0617-rgb_2017_3_26_22_0_0 1990 0.35343609135756665 -1.1271318683684264 1.1552923077124582 1.7686001554820392 -0.16452747678855778 0.5732026226568641 0.2667938644030779 2
HH0617-rgb_2017_3_26_22_0_0 330 -0.6722342664371008 1.0583643292652032 0.3452634825117745 -0.7677547476851398 -1.565324946478141 0.4342779823762866 1.1200008060573157 0
HH0617-rgb_2017_3_26_22_0_0 330 2.905685586334995 2.540056666643935 -0.5686151920736122 -0.934283099913288 0.035586447452811226 -0.6771191398683326 0.9152311400602986 2
HH0617-rgb_2017_3_26_22_0_0 1600 -1.0777318497512716 -0.9789626346305532 0.3348784975733042 -0.7037053814435444 1.6364978413837632 0.8510519032180188 -1.337235185906889 0
HH0617-rgb_2017_3_26_22_0_0 1600 0.4488472874314892 -0.9419203261960849 1.1622156310047718 1.7301705357370818 0.43581429593554916 -0.12142057874602298 0.09615247607223036 2
HH0617-rgb_2017_3_26_22_0_0 250 -0.02820869293812356 -0.08994723220331409 -1.811351723043892 -1.4210582833494132 1.0361560686596563 -0.12142057874602298 -2.1221855722287875 1
HH0617-rgb_2017_3_26_22_0_0 250 -0.6006758693816588 0.8361104786583933 0.34872514415793127 -0.7421350011885016 0.6359282201769182 0.017504061534554412 1.0517442507249766 0
HH0617-rgb_2017_3_26_22_0_0 85 -0.4337062762522944 -0.7937510924582117 -0.8074698456584293 -1.4594879030943704 1.0361560686596563 0.8510519032180188 -2.2245704052272965 1
HH0617-rgb_2017_3_26_22_0_0 85 -1.053879050732791 -0.8678357093271483 0.3037235427578933 -0.7037053814435444 -0.16452747678855778 0.8510519032180188 1.4954118603851803 0
HH0617-rgb_2017_3_26_22_0_0 1370 -1.053879050732791 -0.8678357093271483 0.3348784975733042 -0.6652757616985872 1.8366117656251322 -0.9549684204294874 0.1644090314045694 0
HH0617-rgb_2017_3_26_22_0_0 1370 0.7112280766347762 -0.7937510924582117 1.2176022173432801 1.6533112962471674 -0.5647553252712958 -0.2603452190266004 0.19853730907073888 2
HH0617-rgb_2017_3_26_22_0_0 720 -1.1492902468067134 0.42864508587924205 -1.5482654379359777 -0.34502893049061 0.6359282201769182 0.4342779823762866 1.1200008060573157 0
HH0617-rgb_2017_3_26_22_0_0 720 -1.1015846487697523 -0.6455818587203386 0.25179861806554177 -0.5243671559670772 0.23570037169418023 0.2953533420957092 -0.8594392985805158 0
HH0617-rgb_2017_3_26_22_0_0 720 0.8066392727086987 -0.6455818587203386 1.2452955105125343 1.4995928172673383 1.0361560686596563 0.4342779823762866 -0.5864130772511598 2
HH0617-rgb_2017_3_26_22_0_0 1360 -1.0300262517143104 0.058222001534559094 -1.6590386106129942 -0.42188816998052453 0.6359282201769182 -0.6771191398683326 -1.7126462402347535 0
HH0617-rgb_2017_3_26_22_0_0 1360 -1.053879050732791 -0.8678357093271483 0.3244935126348339 -0.6652757616985872 1.8366117656251322 -2.0663655426741068 -0.41577168892031224 1
HH0617-rgb_2017_3_26_22_0_0 1360 0.5681112825238924 -0.9419203261960849 1.2210638789894368 1.61488167650221 -0.7648692495126648 -0.12142057874602298 0.7104614740632816 2
HH0617-rgb_2017_3_26_22_0_0 730 -0.9584678546588684 -0.8678357093271483 0.3141085276963636 -0.7165152546918635 -1.565324946478141 0.1564287018151318 0.9152311400602986 1
HH0617-rgb_2017_3_26_22_0_0 730 0.329583292339086 -0.8307934008926801 1.1795239392355557 1.61488167650221 1.0361560686596563 -0.12142057874602298 0.30092214206924744 2
HH0617-rgb_2017_3_26_22_0_0 95 -0.19517828606748802 -0.6455818587203386 -0.37822380153499 -1.536347142584285 0.035586447452811226 2.657072226865525 -1.815031073233262 2
HH0617-rgb_2017_3_26_22_0_0 95 -0.6245286684001395 0.24343354370690057 0.3348784975733042 -0.6780856349469062 -0.36464140102992676 -1.3717423412712195 1.7001815263821973 0
HH0617-rgb_2017_3_26_22_0_0 95 nan nan nan nan nan nan nan 0
HH0617-rgb_2017_3_26_22_0_0 1610 -1.0300262517143104 -0.8678357093271483 0.3348784975733042 -0.7421350011885016 -0.36464140102992676 -0.81604378014891 -1.1324655199098719 1
HH0617-rgb_2017_3_26_22_0_0 1610 0.3772888903760473 -0.9419203261960849 1.1622156310047718 1.7301705357370818 1.0361560686596563 0.1564287018151318 -0.10861718992478668 2
HH0617-rgb_2017_3_26_22_0_0 240 -0.17132548704900738 -1.1641741768028946 -1.3267190925819445 -1.382628663604456 1.2362699929010252 -0.3992698593071778 2.1779774137085703 1
HH0617-rgb_2017_3_26_22_0_0 240 -1.0300262517143104 -1.1641741768028946 0.3556484674502448 -0.7421350011885016 -1.565324946478141 -1.3717423412712195 0.6422049187309425 1
HH0617-rgb_2017_3_26_22_0_0 1770 -1.0300262517143104 -0.8678357093271483 0.3348784975733042 -0.7421350011885016 0.6359282201769182 -0.5381944995877552 -0.4840282442526513 1
HH0617-rgb_2017_3_26_22_0_0 1770 0.35343609135756665 -0.8678357093271483 1.1656772926509285 1.7686001554820392 -0.16452747678855778 0.7121272629374414 -0.5864130772511598 2
HH0617-rgb_2017_3_26_22_0_0 1980 -1.053879050732791 -0.7196664755892751 0.293338557819423 -0.7037053814435444 0.035586447452811226 -0.9549684204294874 2.007336025377723 0
HH0617-rgb_2017_3_26_22_0_0 1980 0.40114168939452793 -1.0530472514994897 1.158753969358615 1.7686001554820392 0.23570037169418023 0.5732026226568641 -0.10861718992478668 2
HH0617-rgb_2017_3_26_22_0_0 320 -1.053879050732791 -0.9789626346305532 0.3452634825117745 -0.7805646209334589 -2.165666719202248 -2.205290182954684 1.7684380817145364 1
HH0617-rgb_2017_3_26_22_0_0 320 2.5240408020393046 2.2807605076026567 -0.4439953728119686 -1.3057694241145414 -1.3652110222367717 0.7121272629374414 1.4271553050528412 2
HH0617-rgb_2017_3_26_22_0_0 485 -0.7676454625110233 0.20639123527243228 -1.7005785503668753 -0.48593753622211994 -0.9649831737540339 -1.3717423412712195 -1.1324655199098719 0
HH0617-rgb_2017_3_26_22_0_0 485 nan nan nan nan nan nan nan 0
HH0617-rgb_2017_3_26_22_0_0 1200 -0.8630566585849458 0.058222001534559094 -1.690193565428405 -0.4475079164771627 -1.565324946478141 -0.3992698593071778 -1.4396200189053974 0
HH0617-rgb_2017_3_26_22_0_0 1200 -1.0061734526958297 -0.8678357093271483 0.3244935126348339 -0.6908955081952253 0.035586447452811226 -0.2603452190266004 0.8128463070617901 1
HH0617-rgb_2017_3_26_22_0_0 1200 0.4249944884130086 -1.1271318683684264 1.1552923077124582 1.7301705357370818 0.035586447452811226 0.5732026226568641 -0.5181565219188208 2
HH0617-rgb_2017_3_26_22_0_0 650 -1.0061734526958297 -0.8678357093271483 0.3141085276963636 -0.6524658884502681 0.6359282201769182 -1.927440902393529 1.5295401380513498 1
HH0617-rgb_2017_3_26_22_0_0 650 0.019496905098837718 -0.34924339124459214 1.366453668128021 1.2818249720459138 -1.3652110222367717 0.5732026226568641 0.6763331963971121 2
HH0617-rgb_2017_3_26_22_0_0 2090 -1.1015846487697523 -0.7196664755892751 0.2725685879424824 -0.6780856349469062 -0.5647553252712958 -1.7885162621129518 2.1097208583762312 0
HH0617-rgb_2017_3_26_22_0_0 2090 0.35343609135756665 -0.8307934008926801 1.1795239392355557 1.7301705357370818 0.035586447452811226 -0.5381944995877552 -0.10861718992478668 2
HH0617-rgb_2017_3_26_22_0_0 2085 -1.053879050732791 -0.8678357093271483 0.3037235427578933 -0.7037053814435444 -0.36464140102992676 0.5732026226568641 1.4612835827190107 0
HH0617-rgb_2017_3_26_22_0_0 2085 0.40114168939452793 -1.0530472514994897 1.1691389542970854 1.7301705357370818 0.23570037169418023 0.1564287018151318 -0.24513030058946472 2
HH0617-rgb_2017_3_26_22_0_0 645 -0.9823206536773491 -0.7196664755892751 0.3037235427578933 -0.639656015201949 -0.5647553252712958 -2.205290182954684 1.8366946370468753 1
HH0617-rgb_2017_3_26_22_0_0 645 0.6158168805608537 -0.6826241671548068 1.1829856008817123 1.0896768733211275 -1.565324946478141 0.8510519032180188 -1.7126462402347535 2
HH0617-rgb_2017_3_26_22_0_0 1215 -0.7676454625110233 0.058222001534559094 -1.690193565428405 -0.48593753622211994 -2.165666719202248 -0.5381944995877552 -1.7126462402347535 1
HH0617-rgb_2017_3_26_22_0_0 1215 -0.9823206536773491 -0.8678357093271483 0.3244935126348339 -0.6780856349469062 0.23570037169418023 -0.12142057874602298 1.1200008060573157 1
HH0617-rgb_2017_3_26_22_0_0 1215 0.3772888903760473 -0.9419203261960849 1.1622156310047718 1.7301705357370818 1.2362699929010252 0.1564287018151318 -0.2110020229232952 2
HH0617-rgb_2017_3_26_22_0_0 490 -0.7676454625110233 0.2804758521413689 -1.7005785503668753 -0.48593753622211994 -1.565324946478141 -1.0938930607100648 -0.5864130772511598 0
HH0617-rgb_2017_3_26_22_0_0 490 nan nan nan nan nan nan nan 0
HH0617-rgb_2017_3_26_22_0_0 335 -0.9346150556403878 0.31751816057583715 -1.5898053776898589 -0.4731276629738009 1.8366117656251322 0.5732026226568641 0.8128463070617901 0
HH0617-rgb_2017_3_26_22_0_0 335 -1.1015846487697523 -0.8678357093271483 0.3452634825117745 -0.7805646209334589 1.4363839171423942 -1.510666981551797 0.36917869740158643 0
HH0617-rgb_2017_3_26_22_0_0 1995 -1.1492902468067134 -0.7196664755892751 0.293338557819423 -0.7165152546918635 0.23570037169418023 -1.2328177009906423 1.8708229147130448 0
HH0617-rgb_2017_3_26_22_0_0 1995 0.35343609135756665 -1.1271318683684264 1.1552923077124582 1.7686001554820392 0.23570037169418023 0.7121272629374414 -0.006232356926278159 2
HH0617-rgb_2017_3_26_22_0_0 1765 -0.8869094576034265 -0.1269895406377824 0.26218360300401206 -0.6524658884502681 2.23683961410787 -1.0938930607100648 1.3588987497205023 0
HH0617-rgb_2017_3_26_22_0_0 1765 0.35343609135756665 -0.8678357093271483 1.1656772926509285 1.7686001554820392 -0.16452747678855778 0.8510519032180188 -0.5864130772511598 2
HH0617-rgb_2017_3_26_22_0_0 255 nan nan nan nan nan nan nan 0
HH0617-rgb_2017_3_26_22_0_0 255 0.925903267801102 3.169775910029896 0.5425781963427103 -1.1520509451347125 -0.9649831737540339 -0.6771191398683326 -0.1427454675909562 0
HH0617-rgb_2017_3_26_22_0_0 1605 -0.9107622566219071 0.058222001534559094 -1.6798085804899348 -0.4475079164771627 -1.1650970979954027 -0.12142057874602298 -1.0983372422437023 0
HH0617-rgb_2017_3_26_22_0_0 1605 -1.0777318497512716 -0.8678357093271483 0.3348784975733042 -0.7037053814435444 2.0367256898665014 -0.12142057874602298 -1.6102614072362451 0
HH0617-rgb_2017_3_26_22_0_0 1605 0.4488472874314892 -0.9419203261960849 1.1622156310047718 1.7301705357370818 0.8360421444182872 -0.12142057874602298 -0.1427454675909562 2
HH0617-rgb_2017_3_26_22_0_0 80 -0.8869094576034265 -0.6085395502858703 -1.0324778526586191 -1.3441990438594986 -1.9655527949608789 0.1564287018151318 0.2326655867369084 1
HH0617-rgb_2017_3_26_22_0_0 80 -1.053879050732791 -0.8678357093271483 0.3037235427578933 -0.7037053814435444 -0.5647553252712958 0.5732026226568641 1.3588987497205023 0
HH0617-rgb_2017_3_26_22_0_0 725 -1.053879050732791 -0.8678357093271483 0.293338557819423 -0.6652757616985872 1.0361560686596563 -2.0663655426741068 1.8708229147130448 1
HH0617-rgb_2017_3_26_22_0_0 725 0.5681112825238924 -0.9789626346305532 1.231448863927907 1.5764520567572529 -0.16452747678855778 1.1289011837791736 -0.006232356926278159 2
HH0617-rgb_2017_3_26_22_0_0 1375 -0.9823206536773491 0.169348926837964 -1.6625002722591509 -0.4090782967322054 0.43581429593554916 -0.3992698593071778 -1.678517962568584 0
HH0617-rgb_2017_3_26_22_0_0 1375 -1.0061734526958297 -0.8678357093271483 0.3244935126348339 -0.6524658884502681 1.0361560686596563 -1.6495916218323743 0.4033069750677559 1
HH0617-rgb_2017_3_26_22_0_0 1375 0.5681112825238924 -0.9789626346305532 1.2141405556971232 1.6533112962471674 -0.36464140102992676 0.1564287018151318 -0.41577168892031224 2
HH0617-rgb_2017_3_26_22_0_0 1405 -0.8630566585849458 0.6879412449205201 -1.63134531744374 -0.4475079164771627 0.6359282201769182 0.4342779823762866 -1.815031073233262 0
HH0617-rgb_2017_3_26_22_0_0 1405 -1.0061734526958297 -0.8678357093271483 0.3037235427578933 -0.7293251279401826 -1.76543887071951 1.4067504643403284 1.2565139167219936 1
HH0617-rgb_2017_3_26_22_0_0 1405 0.30573049332060537 -0.7567087840237434 1.1622156310047718 1.7686001554820392 -0.36464140102992676 0.8510519032180188 -0.5181565219188208 2
HH0617-rgb_2017_3_26_22_0_0 55 nan nan nan nan nan nan nan 0
HH0617-rgb_2017_3_26_22_0_0 55 -1.053879050732791 -0.8678357093271483 0.3037235427578933 -0.6652757616985872 0.6359282201769182 -1.7885162621129518 1.7684380817145364 1
HH0617-rgb_2017_3_26_22_0_0 55 1.379106449152234 1.8362528063890373 2.456877086667403 -1.4594879030943704 -0.16452747678855778 0.4342779823762866 0.2326655867369084 2
HH0617-rgb_2017_3_26_22_0_0 900 -0.8869094576034265 -0.23811646594118727 0.2968002194655798 -0.6140362687053108 1.0361560686596563 -2.205290182954684 1.2223856390558243 0
HH0617-rgb_2017_3_26_22_0_0 900 0.5442584835054117 -0.8307934008926801 1.1691389542970854 1.7301705357370818 0.8360421444182872 -0.2603452190266004 -0.2110020229232952 2
HH0617-rgb_2017_3_26_22_0_0 1175 -0.9346150556403878 0.058222001534559094 -1.6798085804899348 -0.4090782967322054 -0.5647553252712958 -0.5381944995877552 -1.4396200189053974 0
HH0617-rgb_2017_3_26_22_0_0 1175 0.1387609001912409 -0.8678357093271483 1.1656772926509285 1.7301705357370818 -1.1650970979954027 0.5732026226568641 -1.0983372422437023 2
HH0617-rgb_2017_3_26_22_0_0 525 -0.791498261529504 0.5768143196171153 -1.6590386106129942 -0.48593753622211994 -0.5647553252712958 -0.5381944995877552 -1.2348503529083805 0
HH0617-rgb_2017_3_26_22_0_0 525 -1.0300262517143104 -1.0160049430650215 0.3244935126348339 -0.7037053814435444 -1.76543887071951 0.2953533420957092 -1.1665937975760414 1
HH0617-rgb_2017_3_26_22_0_0 525 0.5204056844869311 -0.08994723220331409 1.1068290446662634 0.30827460517366334 0.035586447452811226 1.4067504643403284 -1.6102614072362451 2
HH0617-rgb_2017_3_26_22_0_0 1820 -0.8869094576034265 -0.6826241671548068 0.338340159219461 -0.8189942406784162 1.2362699929010252 -1.7885162621129518 0.36917869740158643 0
HH0617-rgb_2017_3_26_22_0_0 1820 0.35343609135756665 -0.8678357093271483 1.1656772926509285 1.7301705357370818 1.0361560686596563 0.017504061534554412 -0.1768737452571257 2
HH0617-rgb_2017_3_26_22_0_0 280 0.1864664982282022 0.2804758521413689 -2.1921345041211366 -1.5747767623292421 -0.9649831737540339 0.1564287018151318 -2.190442127561127 1
HH0617-rgb_2017_3_26_22_0_0 280 -0.40985347723381377 0.8361104786583933 0.34872514415793127 -0.7421350011885016 -0.36464140102992676 -1.2328177009906423 1.7001815263821973 0
HH0617-rgb_2017_3_26_22_0_0 280 3.5497111598339717 4.058791312457135 -0.49245863585816335 -1.561966889080923 -0.5647553252712958 0.7121272629374414 2.5192601903702654 2
HH0617-rgb_2017_3_26_22_0_0 1015 -1.1015846487697523 -0.7196664755892751 0.3141085276963636 -0.6780856349469062 0.6359282201769182 -1.927440902393529 -0.2110020229232952 0
HH0617-rgb_2017_3_26_22_0_0 445 -0.8869094576034265 0.5768143196171153 -1.6001903626283291 -0.4346980432288436 0.23570037169418023 0.017504061534554412 -0.8935675762466854 0
HH0617-rgb_2017_3_26_22_0_0 445 -0.9823206536773491 -0.5714972418514019 0.293338557819423 -0.6780856349469062 0.23570037169418023 -2.205290182954684 2.007336025377723 0
HH0617-rgb_2017_3_26_22_0_0 1940 0.1387609001912409 -1.2753011021062997 1.1622156310047718 1.8070297752269964 0.035586447452811226 0.4342779823762866 0.4033069750677559 2
HH0617-rgb_2017_3_26_22_0_0 1565 -1.0061734526958297 -0.9789626346305532 0.3348784975733042 -0.7293251279401826 -0.5647553252712958 -0.12142057874602298 -1.200722075242211 1
HH0617-rgb_2017_3_26_22_0_0 1565 0.7112280766347762 -0.9048780177616166 1.1968322474663395 1.6533112962471674 -0.16452747678855778 0.017504061534554412 0.6763331963971121 2
HH0617-rgb_2017_3_26_22_0_0 2050 -1.0061734526958297 -1.0160049430650215 0.3244935126348339 -0.7293251279401826 -2.565894567684986 0.1564287018151318 1.0858725283911461 1
HH0617-rgb_2017_3_26_22_0_0 135 -0.29058948214141056 -0.8678357093271483 -0.11167585478091888 -1.536347142584285 1.0361560686596563 0.5732026226568641 -0.6205413549173292 1
HH0617-rgb_2017_3_26_22_0_0 135 -0.5529702713446976 0.6508989364860518 0.3279551742809907 -0.7421350011885016 -0.7648692495126648 -1.7885162621129518 1.6319249710498582 0
HH0617-rgb_2017_3_26_22_0_0 135 1.8323096305033661 3.1327336015954277 2.2872556660057213 -1.4210582833494132 -1.3652110222367717 0.4342779823762866 1.3247704720543327 2
HH0617-rgb_2017_3_26_22_0_0 860 -1.053879050732791 -0.8678357093271483 0.3244935126348339 -0.7037053814435444 0.23570037169418023 -1.2328177009906423 -0.1768737452571257 1
HH0617-rgb_2017_3_26_22_0_0 860 0.3772888903760473 -0.9048780177616166 1.1656772926509285 1.7301705357370818 1.8366117656251322 0.2953533420957092 -0.2792585782556342 2
HH0617-rgb_2017_3_26_22_0_0 690 -0.8153510605479846 0.8361104786583933 -1.6417303023822103 -0.42188816998052453 0.6359282201769182 0.7121272629374414 -1.0642089645775328 0
HH0617-rgb_2017_3_26_22_0_0 690 -1.0061734526958297 -0.49741262498246536 0.26218360300401206 -0.6140362687053108 1.8366117656251322 -1.0938930607100648 -0.4498999665864818 0
HH0617-rgb_2017_3_26_22_0_0 690 0.3772888903760473 -0.9789626346305532 1.1933705858201826 1.6533112962471674 -1.1650970979954027 -0.3992698593071778 0.36917869740158643 2
HH0617-rgb_2017_3_26_22_0_0 685 -0.8869094576034265 0.6879412449205201 -1.6209603325052697 -0.39626842348388636 1.0361560686596563 0.4342779823762866 -1.0642089645775328 0
HH0617-rgb_2017_3_26_22_0_0 685 -1.053879050732791 -0.8678357093271483 0.3141085276963636 -0.7037053814435444 0.8360421444182872 -1.0938930607100648 1.0176159730588072 0
HH0617-rgb_2017_3_26_22_0_0 685 0.30573049332060537 -0.08994723220331409 1.5810766901897406 1.2818249720459138 -0.9649831737540339 0.5732026226568641 1.5295401380513498 2
HH0617-rgb_2017_3_26_22_0_0 875 -0.9823206536773491 -0.7196664755892751 0.3037235427578933 -0.639656015201949 -0.36464140102992676 -2.0663655426741068 1.9049511923792144 1
HH0617-rgb_2017_3_26_22_0_0 875 0.40114168939452793 -0.9789626346305532 1.172600615943242 1.7301705357370818 1.0361560686596563 0.1564287018151318 -0.10861718992478668 2
HH0617-rgb_2017_3_26_22_0_0 2045 -1.053879050732791 -0.8678357093271483 0.3141085276963636 -0.7421350011885016 -2.3657806434436166 0.8510519032180188 0.8811028623941292 1
HH0617-rgb_2017_3_26_22_0_0 2045 -0.19517828606748802 -1.4605126442786411 1.1622156310047718 1.7686001554820392 0.23570037169418023 0.2953533420957092 -0.1768737452571257 2
HH0617-rgb_2017_3_26_22_0_0 120 -0.4337062762522944 -1.2753011021062997 -0.12552250136554594 -1.536347142584285 2.0367256898665014 0.8510519032180188 0.5739483633986036 1
HH0617-rgb_2017_3_26_22_0_0 120 nan nan nan nan nan nan nan 0
HH0617-rgb_2017_3_26_22_0_0 120 nan nan nan nan nan nan nan 0
HH0617-rgb_2017_3_26_22_0_0 1570 -0.9346150556403878 0.169348926837964 -1.6728852571976214 -0.4090782967322054 -0.5647553252712958 -0.9549684204294874 -1.7126462402347535 0
HH0617-rgb_2017_3_26_22_0_0 1570 -1.0061734526958297 -0.9789626346305532 0.3348784975733042 -0.7293251279401826 -1.1650970979954027 0.4342779823762866 -0.7229261879158377 1
HH0617-rgb_2017_3_26_22_0_0 1570 0.16261369920972155 -0.9048780177616166 1.1656772926509285 1.7686001554820392 -0.5647553252712958 0.8510519032180188 -0.4498999665864818 2
HH0617-rgb_2017_3_26_22_0_0 1955 -1.1015846487697523 -0.8678357093271483 0.2725685879424824 -0.6780856349469062 -0.9649831737540339 -1.2328177009906423 2.5875167457026045 1
HH0617-rgb_2017_3_26_22_0_0 1955 0.1387609001912409 -1.2753011021062997 1.1622156310047718 1.8070297752269964 0.23570037169418023 0.8510519032180188 -0.2110020229232952 2
HH0617-rgb_2017_3_26_22_0_0 450 -0.8869094576034265 0.6879412449205201 -1.6105753475667994 -0.4731276629738009 0.8360421444182872 -0.2603452190266004 -0.5522847995849902 0
HH0617-rgb_2017_3_26_22_0_0 450 -1.0061734526958297 -0.27515877437565556 0.26218360300401206 -0.5756066489603535 1.2362699929010252 0.4342779823762866 0.539820085732434 0
HH0617-rgb_2017_3_26_22_0_0 1000 -0.6722342664371008 0.1323066184034957 -1.6832702421360917 -0.5627967757120345 -0.36464140102992676 -0.81604378014891 -1.7126462402347535 1
HH0617-rgb_2017_3_26_22_0_0 1000 -1.1015846487697523 -0.7196664755892751 0.3141085276963636 -0.6780856349469062 1.2362699929010252 -2.0663655426741068 -0.34751513358797326 0
HH0617-rgb_2017_3_26_22_0_0 1000 0.6158168805608537 -0.8678357093271483 1.2141405556971232 1.61488167650221 -0.7648692495126648 -0.12142057874602298 -0.7911827432481768 2
HH0617-rgb_2017_3_26_22_0_0 295 -1.0061734526958297 -0.8678357093271483 0.3348784975733042 -0.8189942406784162 -2.766008491926355 -1.510666981551797 0.2326655867369084 1
HH0617-rgb_2017_3_26_22_0_0 1835 -0.6960870654555814 0.169348926837964 -1.6832702421360917 -0.6268461419536299 -0.36464140102992676 -1.510666981551797 -2.053929016896449 0
HH0617-rgb_2017_3_26_22_0_0 1835 -1.0061734526958297 -1.1271318683684264 0.3452634825117745 -0.8189942406784162 -0.5647553252712958 -1.0938930607100648 0.4033069750677559 1
HH0617-rgb_2017_3_26_22_0_0 1835 0.30573049332060537 -0.6826241671548068 1.172600615943242 1.7686001554820392 -0.36464140102992676 1.267825824059751 -0.6887979102496683 2
HH0617-rgb_2017_3_26_22_0_0 530 -0.7676454625110233 0.31751816057583715 -1.6832702421360917 -0.48593753622211994 -1.9655527949608789 -0.5381944995877552 -1.0983372422437023 0
HH0617-rgb_2017_3_26_22_0_0 530 -1.0300262517143104 -1.0160049430650215 0.3244935126348339 -0.7037053814435444 -1.1650970979954027 0.2953533420957092 0.02789592073989135 1
HH0617-rgb_2017_3_26_22_0_0 530 0.2818776943021247 -0.5714972418514019 1.0756740898508526 0.2698449854287061 0.8360421444182872 1.1289011837791736 -1.1324655199098719 2
HH0617-rgb_2017_3_26_22_0_0 1160 -0.9346150556403878 0.058222001534559094 -1.6798085804899348 -0.4090782967322054 -0.9649831737540339 -0.5381944995877552 -1.4396200189053974 0
HH0617-rgb_2017_3_26_22_0_0 1160 0.35343609135756665 -1.2753011021062997 1.1518306460663015 1.8070297752269964 1.2362699929010252 0.9899765434985962 1.2906421943881632 2
HH0617-rgb_2017_3_26_22_0_0 915 -1.053879050732791 -0.8678357093271483 0.3037235427578933 -0.6268461419536299 -1.3652110222367717 -1.927440902393529 1.9732077477115535 1
HH0617-rgb_2017_3_26_22_0_0 915 0.329583292339086 -0.7937510924582117 1.1483689844201448 1.7301705357370818 1.0361560686596563 0.8510519032180188 -0.4498999665864818 2
HH0617-rgb_2017_3_26_22_0_0 40 -0.6006758693816588 0.058222001534559094 -1.690193565428405 -0.5884165222086727 -0.16452747678855778 -2.0663655426741068 -2.0880572945626183 1
HH0617-rgb_2017_3_26_22_0_0 40 -0.6006758693816588 0.9101950955273299 0.3141085276963636 -0.6652757616985872 0.8360421444182872 0.4342779823762866 2.1779774137085703 0
HH0617-rgb_2017_3_26_22_0_0 40 nan nan nan nan nan nan nan 0
HH0617-rgb_2017_3_26_22_0_0 1410 -1.0777318497512716 -0.8678357093271483 0.3037235427578933 -0.7037053814435444 0.035586447452811226 -0.3992698593071778 0.7445897517294511 1
HH0617-rgb_2017_3_26_22_0_0 1410 0.30573049332060537 -0.7196664755892751 1.158753969358615 1.7686001554820392 -0.16452747678855778 0.5732026226568641 -0.7911827432481768 2
